1	3
2	6
3	9
4	12
5	16
6	19
7	22
8	25
9	28
10	31
11	34
12	37
13	40
14	43
15	46
16	49
17	52
18	55
19	58
20	61
21	64
22	67
23	70
24	73
25	77
26	80
27	83
28	86
29	89
30	92
31	95
32	98
33	101
34	104
35	107
36	110
37	113
38	116
39	119
40	122
41	125
42	128
43	131
44	133
45	136
46	139
47	142
48	145
49	148
50	151
51	154
52	157
53	160
54	163
55	166
56	169
57	172
58	175
59	178
60	181
61	184
62	187
63	190
64	193
65	196
66	199
67	202
68	205
69	208
70	211
71	214
72	217
73	220
74	223
75	226
76	229
77	232
78	235
79	237
80	240
81	243
82	246
83	249
84	252
85	255
86	258
87	261
88	264
89	267
90	270
91	273
92	276
93	279
94	282
95	285
96	288
97	291
98	294
99	297
100	300
101	303
102	306
103	309
104	312
105	315
106	318
107	320
108	323
109	326
110	329
111	332
112	335
113	338
114	341
115	344
116	347
117	350
118	353
119	356
120	359
121	361
122	364
123	367
124	370
125	373
126	376
127	379
128	382
129	385
130	388
131	391
132	394
133	397
134	400
135	403
136	406
137	409
138	412
139	415
140	418
141	421
142	424
143	427
144	430
145	433
146	436
147	439
148	442
149	445
150	448
151	451
152	454
153	457
154	460
155	463
156	466
157	468
158	471
159	474
160	477
161	480
162	483
163	486
164	489
165	492
166	495
167	498
168	501
169	504
170	507
171	510
172	513
173	516
174	519
175	522
176	525
177	528
178	531
179	534
180	537
181	540
182	543
183	545
184	548
185	551
186	554
187	557
188	560
189	563
190	566
191	569
192	572
193	575
194	578
195	581
196	584
197	587
198	590
199	593
200	596
201	599
202	602
203	605
204	608
205	611
206	614
207	617
208	619
209	622
210	625
211	628
212	631
213	634
214	637
215	640
216	643
217	646
218	649
219	652
220	655
221	658
222	661
223	664
224	667
225	670
226	673
227	676
228	679
229	682
230	685
231	688
232	690
233	693
234	696
235	699
236	702
237	705
238	708
239	711
240	714
241	717
242	720
243	723
244	726
245	729
246	732
247	735
248	738
249	741
250	744
251	747
252	750
253	753
254	756
255	758
256	761
257	764
258	767
259	770
260	773
261	776
262	779
263	782
264	785
265	788
266	791
267	794
268	797
269	800
270	803
271	806
272	809
273	812
274	815
275	818
276	821
277	824
278	827
279	830
280	833
281	835
282	838
283	841
284	844
285	847
286	850
287	853
288	856
289	859
290	862
291	865
292	868
293	870
294	873
295	876
296	879
297	882
298	885
299	888
300	891
301	894
302	897
303	900
304	903
305	905
306	908
307	911
308	914
309	917
310	920
311	923
312	926
313	929
314	932
315	935
316	937
317	940
318	943
319	946
320	949
321	952
322	955
323	958
324	961
325	964
326	967
327	970
328	973
329	976
330	979
331	982
332	985
333	988
334	991
335	994
336	997
337	999
338	1002
339	1005
340	1008
341	1011
342	1014
343	1017
344	1020
345	1023
346	1026
347	1028
348	1031
349	1034
350	1037
351	1040
352	1043
353	1046
354	1049
355	1052
356	1055
357	1057
358	1060
359	1063
360	1066
361	1069
362	1072
363	1075
364	1078
365	1081
366	1084
367	1087
368	1090
369	1092
370	1095
371	1098
372	1101
373	1104
374	1107
375	1110
376	1113
377	1116
378	1119
379	1122
380	1124
381	1127
382	1130
383	1133
384	1136
385	1139
386	1142
387	1145
388	1147
389	1150
390	1153
391	1156
392	1159
393	1162
394	1165
395	1167
396	1170
397	1173
398	1176
399	1179
400	1182
401	1185
402	1187
403	1190
404	1193
405	1196
406	1199
407	1202
408	1205
409	1207
410	1210
411	1213
412	1216
413	1219
414	1222
415	1224
416	1227
417	1230
418	1233
419	1236
420	1238
421	1241
422	1244
423	1247
424	1250
425	1252
426	1255
427	1258
428	1261
429	1264
430	1266
431	1269
432	1272
433	1275
434	1277
435	1280
436	1283
437	1286
438	1289
439	1291
440	1294
441	1297
442	1300
443	1302
444	1305
445	1308
446	1311
447	1313
448	1316
449	1319
450	1321
451	1324
452	1327
453	1330
454	1332
455	1335
456	1338
457	1341
458	1343
459	1346
460	1349
461	1352
462	1354
463	1357
464	1360
465	1363
466	1365
467	1368
468	1371
469	1373
470	1376
471	1379
472	1382
473	1384
474	1387
475	1390
476	1393
477	1395
478	1398
479	1401
480	1404
481	1406
482	1409
483	1412
484	1414
485	1417
486	1420
487	1423
488	1425
489	1428
490	1431
491	1433
492	1436
493	1439
494	1442
495	1444
496	1447
497	1450
498	1452
499	1455
500	1458
501	1461
502	1463
503	1466
504	1469
505	1472
506	1474
507	1477
508	1480
509	1482
510	1485
511	1488
512	1491
513	1493
514	1496
515	1499
516	1501
517	1504
518	1507
519	1509
520	1512
521	1515
522	1518
523	1520
524	1523
525	1526
526	1528
527	1531
528	1534
529	1536
530	1539
531	1542
532	1544
533	1547
534	1550
535	1552
536	1555
537	1558
538	1560
539	1563
540	1566
541	1568
542	1571
543	1574
544	1576
545	1579
546	1582
547	1584
548	1587
549	1590
550	1592
551	1595
552	1598
553	1600
554	1603
555	1606
556	1608
557	1611
558	1614
559	1616
560	1619
561	1622
562	1624
563	1627
564	1630
565	1632
566	1635
567	1638
568	1640
569	1643
570	1646
571	1648
572	1651
573	1654
574	1656
575	1659
576	1662
577	1664
578	1667
579	1670
580	1672
581	1675
582	1678
583	1680
584	1683
585	1686
586	1688
587	1691
588	1694
589	1696
590	1699
591	1702
592	1704
593	1707
594	1710
595	1712
596	1715
597	1718
598	1720
599	1723
600	1726
601	1728
602	1731
603	1734
604	1736
605	1739
606	1742
607	1745
608	1747
609	1750
610	1752
611	1755
612	1758
613	1760
614	1763
615	1766
616	1769
617	1771
618	1774
619	1776
620	1779
621	1782
622	1784
623	1787
624	1790
625	1792
626	1795
627	1798
628	1800
629	1803
630	1806
631	1808
632	1811
633	1814
634	1816
635	1819
636	1822
637	1824
638	1827
639	1830
640	1832
641	1835
642	1837
643	1840
644	1843
645	1845
646	1848
647	1851
648	1853
649	1856
650	1859
651	1861
652	1864
653	1867
654	1869
655	1872
656	1875
657	1877
658	1880
659	1883
660	1885
661	1888
662	1891
663	1893
664	1896
665	1898
666	1901
667	1904
668	1906
669	1909
670	1912
671	1914
672	1917
673	1920
674	1922
675	1925
676	1927
677	1930
678	1933
679	1935
680	1938
681	1941
682	1943
683	1946
684	1949
685	1951
686	1954
687	1956
688	1959
689	1962
690	1964
691	1967
692	1969
693	1972
694	1975
695	1977
696	1980
697	1982
698	1985
699	1988
700	1990
701	1993
702	1995
703	1998
704	2001
705	2003
706	2006
707	2008
708	2011
709	2013
710	2016
711	2019
712	2021
713	2024
714	2026
715	2029
716	2031
717	2034
718	2037
719	2039
720	2042
721	2044
722	2047
723	2049
724	2052
725	2055
726	2057
727	2060
728	2062
729	2065
730	2067
731	2070
732	2073
733	2075
734	2078
735	2080
736	2083
737	2085
738	2088
739	2090
740	2093
741	2095
742	2098
743	2101
744	2103
745	2106
746	2108
747	2111
748	2113
749	2116
750	2118
751	2121
752	2124
753	2126
754	2129
755	2131
756	2134
757	2136
758	2139
759	2141
760	2144
761	2146
762	2149
763	2152
764	2154
765	2157
766	2159
767	2162
768	2164
769	2167
770	2169
771	2172
772	2175
773	2177
774	2180
775	2182
776	2185
777	2187
778	2190
779	2193
780	2195
781	2198
782	2200
783	2203
784	2205
785	2208
786	2210
787	2213
788	2215
789	2218
790	2220
791	2223
792	2226
793	2228
794	2231
795	2233
796	2236
797	2238
798	2241
799	2243
800	2246
801	2248
802	2251
803	2254
804	2256
805	2259
806	2261
807	2264
808	2266
809	2269
810	2271
811	2274
812	2276
813	2279
814	2281
815	2284
816	2286
817	2289
818	2291
819	2294
820	2296
821	2299
822	2301
823	2304
824	2306
825	2309
826	2311
827	2314
828	2316
829	2319
830	2321
831	2324
832	2326
833	2329
834	2331
835	2334
836	2336
837	2339
838	2341
839	2344
840	2347
841	2350
842	2353
843	2356
844	2358
845	2361
846	2364
847	2366
848	2369
849	2372
850	2374
851	2377
852	2380
853	2382
854	2385
855	2387
856	2390
857	2393
858	2395
859	2398
860	2400
861	2403
862	2405
863	2407
864	2410
865	2412
866	2415
867	2417
868	2420
869	2422
870	2425
871	2427
872	2430
873	2432
874	2435
875	2437
876	2440
877	2443
878	2445
879	2448
880	2450
881	2453
882	2456
883	2458
884	2461
885	2464
886	2467
887	2470
888	2473
889	2475
890	2479
891	2481
892	2484
893	2487
894	2489
895	2492
896	2494
897	2497
898	2500
899	2503
900	2506
901	2509
902	2511
903	2514
904	2517
905	2520
906	2522
907	2525
908	2528
909	2530
910	2533
911	2535
912	2538
913	2541
914	2543
915	2546
916	2549
917	2551
918	2553
919	2556
920	2559
921	2561
922	2564
923	2566
924	2569
925	2572
926	2575
927	2577
928	2580
929	2582
930	2585
931	2587
932	2590
933	2592
934	2594
935	2597
936	2599
937	2602
938	2604
939	2606
940	2609
941	2611
942	2613
943	2616
944	2618
945	2620
946	2623
947	2625
948	2628
949	2630
950	2633
951	2636
952	2639
953	2642
954	2645
955	2648
956	2651
957	2654
958	2656
959	2659
960	2662
961	2664
962	2667
963	2671
964	2674
965	2676
966	2679
967	2682
968	2685
969	2688
970	2691
971	2694
972	2697
973	2699
974	2702
975	2704
976	2707
977	2709
978	2712
979	2714
980	2717
981	2719
982	2722
983	2724
984	2727
985	2729
986	2732
987	2734
988	2737
989	2739
990	2741
991	2744
992	2746
993	2749
994	2751
995	2754
996	2756
997	2758
998	2761
999	2763
1000	2766
