1	-1.48706e-06
2	-1.59042e-06
3	-1.43884e-06
4	-1.10015e-06
5	-8.08435e-07
6	-8.68719e-07
7	-9.45571e-07
8	-1.08902e-06
9	-1.0855e-06
10	-1.07161e-06
11	-9.52141e-07
12	-1.11337e-06
13	-1.0897e-06
14	-1.15871e-06
15	-1.04962e-06
16	-1.06093e-06
17	-1.03907e-06
18	-1.11141e-06
19	-1.10776e-06
20	-1.10055e-06
21	-1.05218e-06
22	-1.05343e-06
23	-1.06101e-06
24	-1.09115e-06
25	-1.10271e-06
26	-1.10122e-06
27	-1.08468e-06
28	-1.07844e-06
29	-1.07886e-06
30	-1.08739e-06
31	-1.08591e-06
32	-1.08649e-06
33	-1.08118e-06
34	-1.08354e-06
35	-1.08127e-06
36	-1.08222e-06
37	-1.08084e-06
38	-1.08301e-06
39	-1.08358e-06
40	-1.08399e-06
41	-1.08498e-06
42	-1.08412e-06
43	-1.08503e-06
44	-1.08374e-06
45	-1.08421e-06
46	-1.08652e-06
47	-1.08777e-06
48	-1.08746e-06
49	-1.0875e-06
50	-1.08747e-06
51	-1.08748e-06
52	-1.08818e-06
53	-1.08844e-06
54	-1.0888e-06
55	-1.08856e-06
56	-1.08796e-06
57	-1.08746e-06
58	-1.08739e-06
59	-1.08789e-06
60	-1.08852e-06
61	-1.08885e-06
62	-1.0888e-06
63	-1.08848e-06
64	-1.0887e-06
65	-1.08912e-06
66	-1.0894e-06
67	-1.08946e-06
68	-1.08946e-06
69	-1.08949e-06
70	-1.08963e-06
71	-1.08979e-06
72	-1.08993e-06
73	-1.08999e-06
74	-1.09e-06
75	-1.09e-06
76	-1.09004e-06
77	-1.09013e-06
78	-1.09022e-06
79	-1.09027e-06
80	-1.09029e-06
81	-1.09029e-06
82	-1.09028e-06
83	-1.09029e-06
84	-1.0903e-06
85	-1.09031e-06
86	-1.09032e-06
87	-1.09031e-06
88	-1.0903e-06
89	-1.09028e-06
90	-1.09026e-06
91	-1.09024e-06
92	-1.09021e-06
93	-1.09018e-06
94	-1.09015e-06
95	-1.09012e-06
96	-1.09009e-06
97	-1.09006e-06
98	-1.09003e-06
99	-1.09e-06
100	-1.08997e-06
101	-1.08994e-06
102	-1.08991e-06
103	-1.08981e-06
104	-1.08972e-06
105	-1.08962e-06
106	-1.08952e-06
107	-1.08943e-06
108	-1.08934e-06
109	-1.08925e-06
110	-1.08916e-06
111	-1.08907e-06
112	-1.08899e-06
113	-1.08891e-06
114	-1.08882e-06
115	-1.08874e-06
116	-1.08866e-06
117	-1.08858e-06
118	-1.0885e-06
119	-1.08848e-06
120	-1.08846e-06
121	-1.08844e-06
122	-1.08841e-06
123	-1.08839e-06
124	-1.08836e-06
125	-1.08834e-06
126	-1.08831e-06
127	-1.08828e-06
128	-1.08824e-06
129	-1.08821e-06
130	-1.08818e-06
131	-1.08814e-06
132	-1.0881e-06
133	-1.08806e-06
134	-1.08802e-06
135	-1.08798e-06
136	-1.08794e-06
137	-1.0879e-06
138	-1.08785e-06
139	-1.0878e-06
140	-1.08776e-06
141	-1.08771e-06
142	-1.08766e-06
143	-1.08761e-06
144	-1.08756e-06
145	-1.08752e-06
146	-1.08747e-06
147	-1.08742e-06
148	-1.08738e-06
149	-1.08733e-06
150	-1.08728e-06
151	-1.08723e-06
152	-1.08719e-06
153	-1.08715e-06
154	-1.08711e-06
155	-1.08707e-06
156	-1.08703e-06
157	-1.087e-06
158	-1.08697e-06
159	-1.08694e-06
160	-1.08691e-06
161	-1.08689e-06
162	-1.08687e-06
163	-1.08684e-06
164	-1.08683e-06
165	-1.08681e-06
166	-1.08679e-06
167	-1.08677e-06
168	-1.08676e-06
169	-1.08674e-06
170	-1.08673e-06
171	-1.08672e-06
172	-1.08671e-06
173	-1.08671e-06
174	-1.08671e-06
175	-1.08671e-06
176	-1.08671e-06
177	-1.08671e-06
178	-1.08671e-06
179	-1.08672e-06
180	-1.08673e-06
181	-1.08674e-06
182	-1.08675e-06
183	-1.08676e-06
184	-1.08678e-06
185	-1.08679e-06
186	-1.08681e-06
187	-1.08683e-06
188	-1.08685e-06
189	-1.08688e-06
190	-1.0869e-06
191	-1.08693e-06
192	-1.08695e-06
193	-1.08698e-06
194	-1.08701e-06
195	-1.08705e-06
196	-1.08708e-06
197	-1.08711e-06
198	-1.08714e-06
199	-1.08718e-06
200	-1.08721e-06
201	-1.08725e-06
202	-1.08728e-06
203	-1.08731e-06
204	-1.08734e-06
205	-1.08738e-06
206	-1.08741e-06
207	-1.08744e-06
208	-1.08747e-06
209	-1.0875e-06
210	-1.08753e-06
211	-1.08756e-06
212	-1.08759e-06
213	-1.08762e-06
214	-1.08765e-06
215	-1.08767e-06
216	-1.0877e-06
217	-1.08773e-06
218	-1.08776e-06
219	-1.08779e-06
220	-1.08781e-06
221	-1.08784e-06
222	-1.08787e-06
223	-1.08789e-06
224	-1.08792e-06
225	-1.08794e-06
226	-1.08796e-06
227	-1.08798e-06
228	-1.088e-06
229	-1.08802e-06
230	-1.08804e-06
231	-1.08805e-06
232	-1.08807e-06
233	-1.08808e-06
234	-1.0881e-06
235	-1.08811e-06
236	-1.08812e-06
237	-1.08813e-06
238	-1.08814e-06
239	-1.08815e-06
240	-1.08816e-06
241	-1.08816e-06
242	-1.08816e-06
243	-1.08817e-06
244	-1.08817e-06
245	-1.08816e-06
246	-1.08816e-06
247	-1.08815e-06
248	-1.08814e-06
249	-1.08813e-06
250	-1.08812e-06
251	-1.0881e-06
252	-1.08808e-06
253	-1.08806e-06
254	-1.08804e-06
255	-1.08802e-06
256	-1.08799e-06
257	-1.08796e-06
258	-1.08792e-06
259	-1.08789e-06
260	-1.08785e-06
261	-1.08781e-06
262	-1.08777e-06
263	-1.08772e-06
264	-1.08767e-06
265	-1.08762e-06
266	-1.08756e-06
267	-1.08751e-06
268	-1.08745e-06
269	-1.08738e-06
270	-1.08732e-06
271	-1.08725e-06
272	-1.08718e-06
273	-1.08711e-06
274	-1.08704e-06
275	-1.08696e-06
276	-1.08689e-06
277	-1.08681e-06
278	-1.08673e-06
279	-1.08665e-06
280	-1.08656e-06
281	-1.08648e-06
282	-1.08639e-06
283	-1.0863e-06
284	-1.08621e-06
285	-1.08611e-06
286	-1.08602e-06
287	-1.08592e-06
288	-1.08582e-06
289	-1.08571e-06
290	-1.08561e-06
291	-1.0855e-06
292	-1.0854e-06
293	-1.08529e-06
294	-1.08518e-06
295	-1.08507e-06
296	-1.08495e-06
297	-1.08484e-06
298	-1.08472e-06
299	-1.0846e-06
300	-1.08448e-06
301	-1.08436e-06
302	-1.08424e-06
303	-1.08412e-06
304	-1.084e-06
305	-1.08387e-06
306	-1.08375e-06
307	-1.08362e-06
308	-1.08349e-06
309	-1.08337e-06
310	-1.08324e-06
311	-1.08311e-06
312	-1.08298e-06
313	-1.08285e-06
314	-1.08272e-06
315	-1.08259e-06
316	-1.08246e-06
317	-1.08233e-06
318	-1.08221e-06
319	-1.0821e-06
320	-1.08198e-06
321	-1.08186e-06
322	-1.08175e-06
323	-1.08164e-06
324	-1.08152e-06
325	-1.08141e-06
326	-1.0813e-06
327	-1.08118e-06
328	-1.08107e-06
329	-1.08096e-06
330	-1.08085e-06
331	-1.08075e-06
332	-1.08064e-06
333	-1.08053e-06
334	-1.08043e-06
335	-1.08042e-06
336	-1.08041e-06
337	-1.0804e-06
338	-1.08039e-06
339	-1.08037e-06
340	-1.08035e-06
341	-1.08024e-06
342	-1.08013e-06
343	-1.08002e-06
344	-1.07991e-06
345	-1.0798e-06
346	-1.07978e-06
347	-1.07975e-06
348	-1.07972e-06
349	-1.0797e-06
350	-1.07967e-06
351	-1.07963e-06
352	-1.0796e-06
353	-1.07957e-06
354	-1.07953e-06
355	-1.0795e-06
356	-1.07946e-06
357	-1.07942e-06
358	-1.07938e-06
359	-1.07934e-06
360	-1.0793e-06
361	-1.07926e-06
362	-1.07922e-06
363	-1.07918e-06
364	-1.07913e-06
365	-1.07909e-06
366	-1.07904e-06
367	-1.079e-06
368	-1.07895e-06
369	-1.07891e-06
370	-1.07886e-06
371	-1.07882e-06
372	-1.07877e-06
373	-1.07872e-06
374	-1.07867e-06
375	-1.07863e-06
376	-1.07858e-06
377	-1.07853e-06
378	-1.07848e-06
379	-1.07844e-06
380	-1.07839e-06
381	-1.07834e-06
382	-1.07829e-06
383	-1.07813e-06
384	-1.07798e-06
385	-1.07782e-06
386	-1.07767e-06
387	-1.07753e-06
388	-1.07738e-06
389	-1.07723e-06
390	-1.07709e-06
391	-1.07695e-06
392	-1.07682e-06
393	-1.07668e-06
394	-1.07655e-06
395	-1.07642e-06
396	-1.07629e-06
397	-1.07616e-06
398	-1.07604e-06
399	-1.07591e-06
400	-1.07579e-06
401	-1.07567e-06
402	-1.07556e-06
403	-1.07544e-06
404	-1.07533e-06
405	-1.07522e-06
406	-1.07511e-06
407	-1.075e-06
408	-1.07489e-06
409	-1.07479e-06
410	-1.07469e-06
411	-1.07459e-06
412	-1.07449e-06
413	-1.07439e-06
414	-1.07429e-06
415	-1.07419e-06
416	-1.0741e-06
417	-1.07399e-06
418	-1.07387e-06
419	-1.07377e-06
420	-1.07366e-06
421	-1.07355e-06
422	-1.07345e-06
423	-1.07334e-06
424	-1.07324e-06
425	-1.07314e-06
426	-1.07305e-06
427	-1.07295e-06
428	-1.07286e-06
429	-1.07276e-06
430	-1.07267e-06
431	-1.07258e-06
432	-1.07249e-06
433	-1.07241e-06
434	-1.07232e-06
435	-1.07224e-06
436	-1.07215e-06
437	-1.07207e-06
438	-1.07199e-06
439	-1.07191e-06
440	-1.07183e-06
441	-1.07175e-06
442	-1.07157e-06
443	-1.07139e-06
444	-1.07122e-06
445	-1.07105e-06
446	-1.07088e-06
447	-1.07072e-06
448	-1.07056e-06
449	-1.0704e-06
450	-1.07025e-06
451	-1.0701e-06
452	-1.06995e-06
453	-1.06981e-06
454	-1.06967e-06
455	-1.06954e-06
456	-1.06941e-06
457	-1.06928e-06
458	-1.06916e-06
459	-1.06904e-06
460	-1.06893e-06
461	-1.06882e-06
462	-1.06872e-06
463	-1.06862e-06
464	-1.06852e-06
465	-1.06843e-06
466	-1.06835e-06
467	-1.06827e-06
468	-1.06819e-06
469	-1.06812e-06
470	-1.06805e-06
471	-1.06799e-06
472	-1.06793e-06
473	-1.06787e-06
474	-1.06782e-06
475	-1.06777e-06
476	-1.06773e-06
477	-1.06769e-06
478	-1.06765e-06
479	-1.06761e-06
480	-1.06756e-06
481	-1.06751e-06
482	-1.06748e-06
483	-1.06747e-06
484	-1.06746e-06
485	-1.06744e-06
486	-1.06741e-06
487	-1.0674e-06
488	-1.06739e-06
489	-1.06738e-06
490	-1.06738e-06
491	-1.06737e-06
492	-1.06737e-06
493	-1.06737e-06
494	-1.06738e-06
495	-1.06738e-06
496	-1.06739e-06
497	-1.0674e-06
498	-1.06741e-06
499	-1.06743e-06
500	-1.06745e-06
501	-1.06747e-06
502	-1.06749e-06
503	-1.06751e-06
504	-1.06753e-06
505	-1.06756e-06
506	-1.06759e-06
507	-1.06762e-06
508	-1.06765e-06
509	-1.06769e-06
510	-1.06772e-06
511	-1.06776e-06
512	-1.0678e-06
513	-1.06784e-06
514	-1.06789e-06
515	-1.06791e-06
516	-1.06794e-06
517	-1.06797e-06
518	-1.06801e-06
519	-1.06805e-06
520	-1.06809e-06
521	-1.06813e-06
522	-1.06818e-06
523	-1.06823e-06
524	-1.06829e-06
525	-1.06835e-06
526	-1.06841e-06
527	-1.06847e-06
528	-1.06854e-06
529	-1.06861e-06
530	-1.06869e-06
531	-1.06877e-06
532	-1.06885e-06
533	-1.06894e-06
534	-1.06903e-06
535	-1.06912e-06
536	-1.06921e-06
537	-1.06931e-06
538	-1.06941e-06
539	-1.06952e-06
540	-1.06963e-06
541	-1.06974e-06
542	-1.06985e-06
543	-1.06996e-06
544	-1.07008e-06
545	-1.07019e-06
546	-1.07031e-06
547	-1.07044e-06
548	-1.07056e-06
549	-1.07068e-06
550	-1.07081e-06
551	-1.07094e-06
552	-1.07107e-06
553	-1.0712e-06
554	-1.07133e-06
555	-1.07146e-06
556	-1.0716e-06
557	-1.07173e-06
558	-1.07187e-06
559	-1.07201e-06
560	-1.07215e-06
561	-1.0723e-06
562	-1.07244e-06
563	-1.07258e-06
564	-1.07273e-06
565	-1.07288e-06
566	-1.07302e-06
567	-1.07317e-06
568	-1.07332e-06
569	-1.07348e-06
570	-1.07363e-06
571	-1.07378e-06
572	-1.07393e-06
573	-1.07409e-06
574	-1.07424e-06
575	-1.0744e-06
576	-1.07456e-06
577	-1.07471e-06
578	-1.07487e-06
579	-1.07503e-06
580	-1.07518e-06
581	-1.07534e-06
582	-1.0755e-06
583	-1.07566e-06
584	-1.07582e-06
585	-1.07598e-06
586	-1.07614e-06
587	-1.0763e-06
588	-1.07646e-06
589	-1.07662e-06
590	-1.07678e-06
591	-1.07694e-06
592	-1.0771e-06
593	-1.07726e-06
594	-1.07742e-06
595	-1.07758e-06
596	-1.07773e-06
597	-1.07789e-06
598	-1.07805e-06
599	-1.07821e-06
600	-1.07837e-06
601	-1.07853e-06
602	-1.07869e-06
603	-1.07885e-06
604	-1.079e-06
605	-1.07916e-06
606	-1.07932e-06
607	-1.07948e-06
608	-1.07964e-06
609	-1.07979e-06
610	-1.07995e-06
611	-1.08011e-06
612	-1.08027e-06
613	-1.08042e-06
614	-1.08058e-06
615	-1.08074e-06
616	-1.08089e-06
617	-1.08105e-06
618	-1.08114e-06
619	-1.08125e-06
620	-1.08141e-06
621	-1.0816e-06
622	-1.08177e-06
623	-1.08192e-06
624	-1.08205e-06
625	-1.0822e-06
626	-1.08235e-06
627	-1.08251e-06
628	-1.08267e-06
629	-1.08282e-06
630	-1.08297e-06
631	-1.08312e-06
632	-1.08327e-06
633	-1.08342e-06
634	-1.08358e-06
635	-1.08373e-06
636	-1.08388e-06
637	-1.08403e-06
638	-1.08418e-06
639	-1.08433e-06
640	-1.08448e-06
641	-1.08463e-06
642	-1.08478e-06
643	-1.08493e-06
644	-1.08508e-06
645	-1.08523e-06
646	-1.08537e-06
647	-1.08552e-06
648	-1.08567e-06
649	-1.08582e-06
650	-1.08597e-06
651	-1.08611e-06
652	-1.08626e-06
653	-1.08641e-06
654	-1.08655e-06
655	-1.0867e-06
656	-1.08684e-06
657	-1.08699e-06
658	-1.08714e-06
659	-1.08729e-06
660	-1.08743e-06
661	-1.08757e-06
662	-1.08771e-06
663	-1.08786e-06
664	-1.088e-06
665	-1.08815e-06
666	-1.08829e-06
667	-1.08843e-06
668	-1.08857e-06
669	-1.08871e-06
670	-1.08885e-06
671	-1.08899e-06
672	-1.08913e-06
673	-1.08926e-06
674	-1.0894e-06
675	-1.08954e-06
676	-1.08967e-06
677	-1.08981e-06
678	-1.08994e-06
679	-1.09007e-06
680	-1.09021e-06
681	-1.09034e-06
682	-1.09047e-06
683	-1.0906e-06
684	-1.09074e-06
685	-1.09087e-06
686	-1.091e-06
687	-1.09113e-06
688	-1.09126e-06
689	-1.09143e-06
690	-1.09156e-06
691	-1.09173e-06
692	-1.09191e-06
693	-1.09208e-06
694	-1.09225e-06
695	-1.09242e-06
696	-1.0926e-06
697	-1.09277e-06
698	-1.09294e-06
699	-1.09311e-06
700	-1.09328e-06
701	-1.09344e-06
702	-1.09361e-06
703	-1.09378e-06
704	-1.09395e-06
705	-1.09411e-06
706	-1.09428e-06
707	-1.09444e-06
708	-1.09461e-06
709	-1.09477e-06
710	-1.09493e-06
711	-1.0951e-06
712	-1.09526e-06
713	-1.09542e-06
714	-1.09558e-06
715	-1.09574e-06
716	-1.0959e-06
717	-1.09606e-06
718	-1.09622e-06
719	-1.09637e-06
720	-1.09653e-06
721	-1.09668e-06
722	-1.09684e-06
723	-1.09699e-06
724	-1.09714e-06
725	-1.09729e-06
726	-1.09744e-06
727	-1.09759e-06
728	-1.09774e-06
729	-1.09789e-06
730	-1.09804e-06
731	-1.09818e-06
732	-1.09833e-06
733	-1.09848e-06
734	-1.09862e-06
735	-1.09869e-06
736	-1.09877e-06
737	-1.09892e-06
738	-1.0991e-06
739	-1.09926e-06
740	-1.09939e-06
741	-1.0995e-06
742	-1.09963e-06
743	-1.09977e-06
744	-1.09991e-06
745	-1.10005e-06
746	-1.10018e-06
747	-1.1003e-06
748	-1.10043e-06
749	-1.10056e-06
750	-1.10069e-06
751	-1.10082e-06
752	-1.10095e-06
753	-1.10107e-06
754	-1.1012e-06
755	-1.10133e-06
756	-1.10145e-06
757	-1.10157e-06
758	-1.1017e-06
759	-1.10182e-06
760	-1.10194e-06
761	-1.10206e-06
762	-1.10218e-06
763	-1.10229e-06
764	-1.10241e-06
765	-1.10253e-06
766	-1.10265e-06
767	-1.10276e-06
768	-1.10288e-06
769	-1.10299e-06
770	-1.10311e-06
771	-1.10322e-06
772	-1.10333e-06
773	-1.10344e-06
774	-1.10355e-06
775	-1.10367e-06
776	-1.10378e-06
777	-1.10388e-06
778	-1.10399e-06
779	-1.1041e-06
780	-1.10421e-06
781	-1.10432e-06
782	-1.10442e-06
783	-1.10453e-06
784	-1.10463e-06
785	-1.10474e-06
786	-1.10484e-06
787	-1.10495e-06
788	-1.10506e-06
789	-1.10516e-06
790	-1.10525e-06
791	-1.10535e-06
792	-1.10545e-06
793	-1.10555e-06
794	-1.10565e-06
795	-1.10575e-06
796	-1.10584e-06
797	-1.10594e-06
798	-1.10603e-06
799	-1.10613e-06
800	-1.10622e-06
801	-1.10631e-06
802	-1.1064e-06
803	-1.10649e-06
804	-1.10659e-06
805	-1.10668e-06
806	-1.10677e-06
807	-1.10685e-06
808	-1.10694e-06
809	-1.10703e-06
810	-1.10711e-06
811	-1.1072e-06
812	-1.10729e-06
813	-1.10737e-06
814	-1.10746e-06
815	-1.1076e-06
816	-1.10768e-06
817	-1.10782e-06
818	-1.10796e-06
819	-1.1081e-06
820	-1.10824e-06
821	-1.10838e-06
822	-1.10851e-06
823	-1.10865e-06
824	-1.10878e-06
825	-1.10892e-06
826	-1.10905e-06
827	-1.10918e-06
828	-1.10932e-06
829	-1.10945e-06
830	-1.10958e-06
831	-1.10971e-06
832	-1.10984e-06
833	-1.10997e-06
834	-1.1101e-06
835	-1.11023e-06
836	-1.11036e-06
837	-1.11048e-06
838	-1.11061e-06
839	-1.11073e-06
840	-1.11086e-06
841	-1.11098e-06
842	-1.11111e-06
843	-1.11123e-06
844	-1.11135e-06
845	-1.11147e-06
846	-1.1116e-06
847	-1.11172e-06
848	-1.11171e-06
849	-1.11174e-06
850	-1.11187e-06
851	-1.11198e-06
852	-1.11213e-06
853	-1.11224e-06
854	-1.11232e-06
855	-1.11242e-06
856	-1.11254e-06
857	-1.11267e-06
858	-1.11279e-06
859	-1.1129e-06
860	-1.113e-06
861	-1.1131e-06
862	-1.11321e-06
863	-1.11333e-06
864	-1.11344e-06
865	-1.11354e-06
866	-1.11365e-06
867	-1.11376e-06
868	-1.11387e-06
869	-1.11398e-06
870	-1.11408e-06
871	-1.11419e-06
872	-1.11429e-06
873	-1.1144e-06
874	-1.1145e-06
875	-1.1146e-06
876	-1.11471e-06
877	-1.11481e-06
878	-1.11491e-06
879	-1.11501e-06
880	-1.11512e-06
881	-1.11522e-06
882	-1.11532e-06
883	-1.11542e-06
884	-1.11553e-06
885	-1.11563e-06
886	-1.11573e-06
887	-1.11583e-06
888	-1.11592e-06
889	-1.11602e-06
890	-1.11611e-06
891	-1.1162e-06
892	-1.1163e-06
893	-1.1164e-06
894	-1.1165e-06
895	-1.1166e-06
896	-1.11671e-06
897	-1.11681e-06
898	-1.11691e-06
899	-1.11701e-06
900	-1.11711e-06
901	-1.11721e-06
902	-1.11731e-06
903	-1.11742e-06
904	-1.11751e-06
905	-1.11761e-06
906	-1.1177e-06
907	-1.1178e-06
908	-1.11788e-06
909	-1.11797e-06
910	-1.11806e-06
911	-1.11815e-06
912	-1.11824e-06
913	-1.11832e-06
914	-1.11841e-06
915	-1.11849e-06
916	-1.11858e-06
917	-1.11866e-06
918	-1.11874e-06
919	-1.11882e-06
920	-1.11894e-06
921	-1.11906e-06
922	-1.11917e-06
923	-1.11929e-06
924	-1.1194e-06
925	-1.11952e-06
926	-1.11963e-06
927	-1.11974e-06
928	-1.11987e-06
929	-1.11998e-06
930	-1.1201e-06
931	-1.12023e-06
932	-1.12035e-06
933	-1.12047e-06
934	-1.12059e-06
935	-1.1207e-06
936	-1.12082e-06
937	-1.12094e-06
938	-1.12105e-06
939	-1.12117e-06
940	-1.12128e-06
941	-1.12139e-06
942	-1.1215e-06
943	-1.12161e-06
944	-1.12173e-06
945	-1.12184e-06
946	-1.12195e-06
947	-1.12206e-06
948	-1.12216e-06
949	-1.12227e-06
950	-1.12238e-06
951	-1.12249e-06
952	-1.12259e-06
953	-1.1227e-06
954	-1.12281e-06
955	-1.12292e-06
956	-1.12302e-06
957	-1.12313e-06
958	-1.12323e-06
959	-1.12334e-06
960	-1.12326e-06
961	-1.12322e-06
962	-1.12337e-06
963	-1.12349e-06
964	-1.1236e-06
965	-1.12368e-06
966	-1.1237e-06
967	-1.12373e-06
968	-1.12382e-06
969	-1.12395e-06
970	-1.12407e-06
971	-1.12417e-06
972	-1.12425e-06
973	-1.12434e-06
974	-1.12444e-06
975	-1.12455e-06
976	-1.12465e-06
977	-1.12474e-06
978	-1.12482e-06
979	-1.1249e-06
980	-1.12498e-06
981	-1.12507e-06
982	-1.12516e-06
983	-1.12524e-06
984	-1.12533e-06
985	-1.12542e-06
986	-1.12551e-06
987	-1.12559e-06
988	-1.12568e-06
989	-1.12577e-06
990	-1.12586e-06
991	-1.12594e-06
992	-1.12603e-06
993	-1.12611e-06
994	-1.1262e-06
995	-1.12628e-06
996	-1.12637e-06
997	-1.12645e-06
998	-1.12654e-06
999	-1.12662e-06
1000	-1.1267e-06
