1	2.13495e-05
2	2.44995e-05
3	7.73179e-06
4	2.46288e-05
5	1.47639e-05
6	6.31972e-06
7	1.52482e-05
8	7.19428e-06
9	5.54098e-06
10	9.23753e-06
11	3.28534e-06
12	2.17355e-06
13	5.60711e-06
14	1.53982e-06
15	1.4268e-06
16	3.11298e-06
17	6.3387e-07
18	9.19503e-07
19	1.77922e-06
20	2.89771e-07
21	5.87897e-07
22	9.2149e-07
23	2.61812e-07
24	3.71034e-07
25	2.81166e-07
26	1.9992e-07
27	2.46499e-07
28	1.4564e-07
29	1.24169e-07
30	1.51336e-07
31	1.04729e-07
32	1.18897e-07
33	9.13217e-08
34	4.56798e-08
35	6.43172e-08
36	6.095e-08
37	3.73202e-08
38	5.52738e-08
39	3.22256e-08
40	2.62799e-08
41	3.88269e-08
42	2.29709e-08
43	3.22708e-08
44	3.28737e-08
45	1.93609e-08
46	2.5456e-08
47	2.25659e-08
48	1.86897e-08
49	1.97941e-08
50	1.51235e-08
51	1.16251e-08
52	1.79679e-08
53	1.38686e-08
54	1.05085e-08
55	1.56433e-08
56	1.35805e-08
57	8.15579e-09
58	1.07482e-08
59	1.09085e-08
60	9.25648e-09
61	6.56445e-09
62	6.7474e-09
63	6.75735e-09
64	1.1051e-08
65	1.02583e-08
66	1.13722e-08
67	1.12245e-08
68	1.07722e-08
69	9.65545e-09
70	8.60195e-09
71	7.9946e-09
72	8.1573e-09
73	8.29188e-09
74	8.05543e-09
75	8.05546e-09
76	8.10312e-09
77	8.15441e-09
78	7.8982e-09
79	7.4063e-09
80	7.12356e-09
81	7.17542e-09
82	7.14982e-09
83	7.12488e-09
84	7.10078e-09
85	7.03395e-09
86	6.92354e-09
87	6.79953e-09
88	6.67157e-09
89	6.54157e-09
90	6.40607e-09
91	6.2681e-09
92	6.12444e-09
93	5.96791e-09
94	5.79922e-09
95	5.62705e-09
96	5.4702e-09
97	5.32579e-09
98	5.19402e-09
99	5.07408e-09
100	4.9614e-09
101	4.86226e-09
102	4.77747e-09
103	9.08188e-09
104	8.96447e-09
105	8.85399e-09
106	8.7446e-09
107	8.643e-09
108	8.54783e-09
109	8.47283e-09
110	8.41219e-09
111	8.35898e-09
112	8.30813e-09
113	8.26078e-09
114	8.22051e-09
115	8.18309e-09
116	8.15034e-09
117	8.12493e-09
118	8.11146e-09
119	4.03053e-09
120	4.03437e-09
121	4.04086e-09
122	4.05581e-09
123	4.07237e-09
124	4.09429e-09
125	4.11704e-09
126	4.14248e-09
127	4.16374e-09
128	4.18505e-09
129	4.19692e-09
130	4.2023e-09
131	4.20054e-09
132	4.20083e-09
133	4.19698e-09
134	4.19427e-09
135	4.18603e-09
136	4.17534e-09
137	4.15986e-09
138	4.14782e-09
139	4.13725e-09
140	4.12646e-09
141	4.10902e-09
142	4.0898e-09
143	4.06618e-09
144	4.04309e-09
145	4.01758e-09
146	3.99212e-09
147	3.96121e-09
148	3.9272e-09
149	3.88902e-09
150	3.84679e-09
151	3.8017e-09
152	3.75692e-09
153	3.71123e-09
154	3.66466e-09
155	3.61446e-09
156	3.56091e-09
157	3.51168e-09
158	3.46798e-09
159	3.42714e-09
160	3.38854e-09
161	3.34845e-09
162	3.31211e-09
163	3.2773e-09
164	3.24682e-09
165	3.21554e-09
166	3.1841e-09
167	3.15144e-09
168	3.11781e-09
169	3.08005e-09
170	3.04177e-09
171	3.00273e-09
172	2.96523e-09
173	2.92736e-09
174	2.89045e-09
175	2.8522e-09
176	2.814e-09
177	2.77468e-09
178	2.73604e-09
179	2.69835e-09
180	2.66151e-09
181	2.62449e-09
182	2.58747e-09
183	2.54947e-09
184	2.5122e-09
185	2.47803e-09
186	2.44621e-09
187	2.41335e-09
188	2.381e-09
189	2.34723e-09
190	2.31264e-09
191	2.27822e-09
192	2.24682e-09
193	2.21788e-09
194	2.19105e-09
195	2.16069e-09
196	2.13248e-09
197	2.10411e-09
198	2.07673e-09
199	2.0497e-09
200	2.02355e-09
201	1.9946e-09
202	1.96678e-09
203	1.93811e-09
204	1.91145e-09
205	1.88637e-09
206	1.86276e-09
207	1.83806e-09
208	1.814e-09
209	1.79113e-09
210	1.76815e-09
211	1.74455e-09
212	1.72196e-09
213	1.69982e-09
214	1.67907e-09
215	1.65843e-09
216	1.63831e-09
217	1.61762e-09
218	1.59803e-09
219	1.57982e-09
220	1.56388e-09
221	1.54892e-09
222	1.53436e-09
223	1.51898e-09
224	1.50391e-09
225	1.48957e-09
226	1.47649e-09
227	1.46419e-09
228	1.45247e-09
229	1.44068e-09
230	1.42912e-09
231	1.41622e-09
232	1.403e-09
233	1.38935e-09
234	1.3769e-09
235	1.36564e-09
236	1.35424e-09
237	1.34155e-09
238	1.32832e-09
239	1.31467e-09
240	1.30083e-09
241	1.28927e-09
242	1.27859e-09
243	1.26874e-09
244	1.25827e-09
245	1.24697e-09
246	1.23613e-09
247	1.22556e-09
248	1.21588e-09
249	1.2068e-09
250	1.19663e-09
251	1.18658e-09
252	1.17674e-09
253	1.16774e-09
254	1.15833e-09
255	1.14825e-09
256	1.13996e-09
257	1.13111e-09
258	1.12226e-09
259	1.11378e-09
260	1.10529e-09
261	1.09749e-09
262	1.08927e-09
263	1.08178e-09
264	1.0756e-09
265	1.07039e-09
266	1.06436e-09
267	1.05765e-09
268	1.05153e-09
269	1.04581e-09
270	1.04131e-09
271	1.03632e-09
272	1.03164e-09
273	1.0261e-09
274	1.02182e-09
275	1.01644e-09
276	1.01287e-09
277	1.0095e-09
278	1.00659e-09
279	1.00314e-09
280	9.99691e-10
281	9.95865e-10
282	9.93001e-10
283	1.13332e-09
284	1.12965e-09
285	1.1263e-09
286	1.12334e-09
287	1.12038e-09
288	1.11728e-09
289	1.11393e-09
290	1.1123e-09
291	1.11121e-09
292	1.10985e-09
293	1.10847e-09
294	1.10788e-09
295	1.10783e-09
296	1.10779e-09
297	1.10754e-09
298	1.10718e-09
299	1.10772e-09
300	1.10835e-09
301	1.10909e-09
302	1.11019e-09
303	1.11025e-09
304	1.11049e-09
305	1.11069e-09
306	1.111e-09
307	1.11021e-09
308	1.10962e-09
309	1.10913e-09
310	1.1093e-09
311	1.10847e-09
312	1.10782e-09
313	1.10669e-09
314	1.10595e-09
315	1.10442e-09
316	1.10255e-09
317	1.0998e-09
318	9.57071e-10
319	9.53913e-10
320	9.50638e-10
321	9.46944e-10
322	9.42705e-10
323	9.38339e-10
324	9.34359e-10
325	9.29831e-10
326	9.25623e-10
327	9.2076e-10
328	9.16368e-10
329	9.1119e-10
330	9.05654e-10
331	8.99838e-10
332	8.93676e-10
333	8.87555e-10
334	8.81025e-10
335	1.72953e-09
336	1.71446e-09
337	1.69895e-09
338	1.68333e-09
339	1.66804e-09
340	1.65345e-09
341	9.66368e-10
342	9.5906e-10
343	9.51787e-10
344	9.45029e-10
345	9.39142e-10
346	1.84136e-09
347	1.83094e-09
348	1.82038e-09
349	1.80902e-09
350	1.51886e-09
351	1.50721e-09
352	1.49604e-09
353	1.48464e-09
354	1.47254e-09
355	1.45982e-09
356	1.44691e-09
357	1.43351e-09
358	1.42059e-09
359	1.40762e-09
360	1.39558e-09
361	1.38175e-09
362	1.36854e-09
363	1.35485e-09
364	1.34093e-09
365	1.32679e-09
366	1.31363e-09
367	1.29971e-09
368	1.28582e-09
369	1.27139e-09
370	1.2571e-09
371	1.24362e-09
372	1.2295e-09
373	1.21607e-09
374	1.20268e-09
375	1.18911e-09
376	1.17558e-09
377	1.16204e-09
378	1.14956e-09
379	1.13652e-09
380	1.12275e-09
381	1.10949e-09
382	1.09614e-09
383	2.10383e-09
384	2.08225e-09
385	2.05787e-09
386	2.0334e-09
387	2.00821e-09
388	1.98589e-09
389	1.96341e-09
390	1.94069e-09
391	1.91708e-09
392	1.89311e-09
393	1.86935e-09
394	1.84571e-09
395	1.82119e-09
396	1.79877e-09
397	1.77536e-09
398	1.75287e-09
399	1.7293e-09
400	1.70688e-09
401	1.68352e-09
402	1.6608e-09
403	1.63803e-09
404	1.61526e-09
405	1.59321e-09
406	1.57212e-09
407	1.55055e-09
408	1.52898e-09
409	1.50652e-09
410	1.48321e-09
411	1.46109e-09
412	1.43983e-09
413	1.41983e-09
414	1.39945e-09
415	1.37995e-09
416	1.3581e-09
417	1.6403e-09
418	1.6167e-09
419	1.59349e-09
420	1.56821e-09
421	1.54579e-09
422	1.52286e-09
423	1.49951e-09
424	1.47638e-09
425	1.45449e-09
426	1.43182e-09
427	1.41108e-09
428	1.39013e-09
429	1.36753e-09
430	1.34674e-09
431	1.32597e-09
432	1.30488e-09
433	1.28585e-09
434	1.26693e-09
435	1.24892e-09
436	1.23138e-09
437	1.21309e-09
438	1.1951e-09
439	1.17879e-09
440	1.16092e-09
441	1.14534e-09
442	2.23535e-09
443	2.21391e-09
444	2.18773e-09
445	2.16169e-09
446	2.13437e-09
447	2.11098e-09
448	2.08703e-09
449	2.06509e-09
450	2.04234e-09
451	2.02204e-09
452	1.99881e-09
453	1.9778e-09
454	1.95908e-09
455	1.94099e-09
456	1.92145e-09
457	1.90256e-09
458	1.88249e-09
459	1.86397e-09
460	1.84483e-09
461	1.82587e-09
462	1.80744e-09
463	1.78943e-09
464	1.7702e-09
465	1.75246e-09
466	1.73279e-09
467	1.7126e-09
468	1.69321e-09
469	1.67495e-09
470	1.65549e-09
471	1.63331e-09
472	1.61263e-09
473	1.59148e-09
474	1.57196e-09
475	1.55225e-09
476	1.53338e-09
477	1.51228e-09
478	1.492e-09
479	1.47069e-09
480	1.46469e-09
481	1.44223e-09
482	1.41604e-09
483	1.39989e-09
484	1.3793e-09
485	1.35958e-09
486	1.34532e-09
487	1.32907e-09
488	1.31518e-09
489	1.29947e-09
490	1.28174e-09
491	1.26406e-09
492	1.25037e-09
493	1.23712e-09
494	1.22501e-09
495	1.21257e-09
496	1.19909e-09
497	1.18394e-09
498	1.17087e-09
499	1.15938e-09
500	1.14896e-09
501	1.13905e-09
502	1.12885e-09
503	1.11623e-09
504	1.10513e-09
505	1.0949e-09
506	1.08452e-09
507	1.0762e-09
508	1.06759e-09
509	1.05885e-09
510	1.04882e-09
511	1.04113e-09
512	1.03414e-09
513	1.02794e-09
514	1.01978e-09
515	2.28955e-09
516	2.28391e-09
517	2.27345e-09
518	2.2613e-09
519	2.24979e-09
520	2.23984e-09
521	2.23169e-09
522	2.2244e-09
523	2.22059e-09
524	2.21293e-09
525	2.20578e-09
526	2.19735e-09
527	2.19355e-09
528	2.1868e-09
529	2.18272e-09
530	2.17511e-09
531	2.17263e-09
532	2.16711e-09
533	2.16323e-09
534	2.15709e-09
535	2.15636e-09
536	2.15257e-09
537	2.14928e-09
538	2.1448e-09
539	2.14378e-09
540	2.13802e-09
541	2.13214e-09
542	2.12562e-09
543	2.12343e-09
544	2.12062e-09
545	2.11881e-09
546	2.11431e-09
547	2.1094e-09
548	2.1031e-09
549	2.09885e-09
550	2.09384e-09
551	2.09158e-09
552	2.08781e-09
553	2.08517e-09
554	2.07962e-09
555	2.07896e-09
556	2.0769e-09
557	2.07397e-09
558	2.06932e-09
559	2.06695e-09
560	2.06368e-09
561	2.06233e-09
562	2.0583e-09
563	2.05451e-09
564	2.05105e-09
565	2.05001e-09
566	2.04442e-09
567	2.03869e-09
568	2.03248e-09
569	2.02788e-09
570	2.02134e-09
571	2.01583e-09
572	2.00924e-09
573	2.00406e-09
574	1.99787e-09
575	1.99376e-09
576	1.98853e-09
577	1.98586e-09
578	1.97968e-09
579	1.9763e-09
580	1.97248e-09
581	1.96968e-09
582	1.96531e-09
583	1.96221e-09
584	1.95946e-09
585	1.95634e-09
586	1.95013e-09
587	1.94818e-09
588	1.94196e-09
589	1.93713e-09
590	1.93115e-09
591	1.92808e-09
592	1.92363e-09
593	1.92067e-09
594	1.91293e-09
595	1.90688e-09
596	1.90176e-09
597	1.89894e-09
598	1.89254e-09
599	1.89003e-09
600	1.88402e-09
601	1.87864e-09
602	1.87465e-09
603	1.87181e-09
604	1.86611e-09
605	1.8625e-09
606	1.85797e-09
607	1.85434e-09
608	1.8509e-09
609	1.84787e-09
610	1.84296e-09
611	1.8399e-09
612	1.83445e-09
613	1.82969e-09
614	1.82525e-09
615	1.82054e-09
616	1.81539e-09
617	1.81197e-09
618	1.64256e-09
619	1.67276e-09
620	1.8067e-09
621	1.89379e-09
622	1.85476e-09
623	1.76783e-09
624	1.72753e-09
625	1.74812e-09
626	1.78732e-09
627	1.8007e-09
628	1.78118e-09
629	1.7581e-09
630	1.75031e-09
631	1.75765e-09
632	1.76447e-09
633	1.76292e-09
634	1.75349e-09
635	1.74629e-09
636	1.74324e-09
637	1.74364e-09
638	1.73957e-09
639	1.73619e-09
640	1.72928e-09
641	1.72692e-09
642	1.72208e-09
643	1.72068e-09
644	1.7162e-09
645	1.71285e-09
646	1.70916e-09
647	1.7064e-09
648	1.70352e-09
649	1.70164e-09
650	1.69669e-09
651	1.69275e-09
652	1.68809e-09
653	1.68621e-09
654	1.68304e-09
655	1.68053e-09
656	1.67681e-09
657	1.67301e-09
658	1.69496e-09
659	1.68331e-09
660	1.65566e-09
661	1.64036e-09
662	1.64576e-09
663	1.65624e-09
664	1.65653e-09
665	1.64538e-09
666	1.63544e-09
667	1.6301e-09
668	1.63186e-09
669	1.63168e-09
670	1.62863e-09
671	1.61954e-09
672	1.61783e-09
673	1.6142e-09
674	1.61204e-09
675	1.60793e-09
676	1.60479e-09
677	1.59797e-09
678	1.59494e-09
679	1.58974e-09
680	1.59019e-09
681	1.58489e-09
682	1.58186e-09
683	1.57361e-09
684	1.56967e-09
685	1.56449e-09
686	1.56354e-09
687	1.55743e-09
688	1.5544e-09
689	1.93828e-09
690	1.55226e-09
691	1.93293e-09
692	1.9279e-09
693	1.92118e-09
694	1.91786e-09
695	1.91042e-09
696	1.90653e-09
697	1.90116e-09
698	1.89701e-09
699	1.88915e-09
700	1.88567e-09
701	1.87797e-09
702	1.87317e-09
703	1.86602e-09
704	1.86221e-09
705	1.85361e-09
706	1.84939e-09
707	1.84177e-09
708	1.83676e-09
709	1.82895e-09
710	1.82537e-09
711	1.81847e-09
712	1.81531e-09
713	1.80758e-09
714	1.80163e-09
715	1.7928e-09
716	1.78702e-09
717	1.77715e-09
718	1.77268e-09
719	1.76397e-09
720	1.75777e-09
721	1.74765e-09
722	1.74266e-09
723	1.73338e-09
724	1.72908e-09
725	1.72003e-09
726	1.71396e-09
727	1.70516e-09
728	1.6993e-09
729	1.69096e-09
730	1.68602e-09
731	1.67643e-09
732	1.67131e-09
733	1.66116e-09
734	1.65617e-09
735	1.35836e-09
736	1.41102e-09
737	1.65251e-09
738	1.79224e-09
739	1.71931e-09
740	1.56611e-09
741	1.4886e-09
742	1.52972e-09
743	1.59994e-09
744	1.62142e-09
745	1.5788e-09
746	1.53393e-09
747	1.51447e-09
748	1.52967e-09
749	1.54159e-09
750	1.53859e-09
751	1.51672e-09
752	1.50165e-09
753	1.4938e-09
754	1.49627e-09
755	1.49005e-09
756	1.48325e-09
757	1.46914e-09
758	1.46289e-09
759	1.45389e-09
760	1.45059e-09
761	1.43971e-09
762	1.43343e-09
763	1.42236e-09
764	1.41848e-09
765	1.41049e-09
766	1.40655e-09
767	1.39472e-09
768	1.38815e-09
769	1.37802e-09
770	1.37497e-09
771	1.36551e-09
772	1.36095e-09
773	1.35039e-09
774	1.3459e-09
775	1.33588e-09
776	1.33143e-09
777	1.32151e-09
778	1.31697e-09
779	1.30673e-09
780	1.30242e-09
781	1.29131e-09
782	1.2881e-09
783	1.27732e-09
784	1.27273e-09
785	1.26167e-09
786	1.25713e-09
787	1.29073e-09
788	1.27258e-09
789	1.2213e-09
790	1.19792e-09
791	1.20124e-09
792	1.22118e-09
793	1.21941e-09
794	1.20476e-09
795	1.18058e-09
796	1.17476e-09
797	1.1703e-09
798	1.17372e-09
799	1.1636e-09
800	1.15595e-09
801	1.14075e-09
802	1.13782e-09
803	1.12957e-09
804	1.12799e-09
805	1.11598e-09
806	1.11124e-09
807	1.09919e-09
808	1.09614e-09
809	1.08692e-09
810	1.08499e-09
811	1.07413e-09
812	1.07209e-09
813	1.06184e-09
814	1.05956e-09
815	1.43737e-09
816	1.05319e-09
817	1.42398e-09
818	1.42181e-09
819	1.41041e-09
820	1.40823e-09
821	1.39236e-09
822	1.38588e-09
823	1.37169e-09
824	1.36921e-09
825	1.35669e-09
826	1.35265e-09
827	1.33881e-09
828	1.33535e-09
829	1.32258e-09
830	1.32035e-09
831	1.30574e-09
832	1.30079e-09
833	1.28823e-09
834	1.28547e-09
835	1.27245e-09
836	1.2697e-09
837	1.25661e-09
838	1.25212e-09
839	1.23906e-09
840	1.2377e-09
841	1.22415e-09
842	1.22137e-09
843	1.20922e-09
844	1.20637e-09
845	1.19026e-09
846	1.18614e-09
847	1.17511e-09
848	9.99844e-10
849	9.08515e-10
850	1.21266e-09
851	9.93998e-10
852	1.29949e-09
853	1.06081e-09
854	9.66367e-10
855	1.01245e-09
856	1.13361e-09
857	1.16281e-09
858	1.10979e-09
859	1.03071e-09
860	1.01331e-09
861	1.03395e-09
862	1.07094e-09
863	1.06488e-09
864	1.04439e-09
865	1.0133e-09
866	1.01166e-09
867	1.01136e-09
868	1.01935e-09
869	1.00531e-09
870	9.98971e-10
871	9.82161e-10
872	9.81928e-10
873	9.74913e-10
874	9.76542e-10
875	9.64233e-10
876	9.61892e-10
877	9.49589e-10
878	9.49668e-10
879	9.40251e-10
880	9.40712e-10
881	9.29261e-10
882	9.29076e-10
883	9.17579e-10
884	2.28965e-09
885	9.15459e-10
886	2.27263e-09
887	9.10604e-10
888	9.02465e-10
889	8.96128e-10
890	8.92089e-10
891	8.84878e-10
892	8.82792e-10
893	2.27318e-09
894	2.25093e-09
895	2.24198e-09
896	2.20604e-09
897	2.18708e-09
898	2.15609e-09
899	2.15193e-09
900	2.13292e-09
901	2.12604e-09
902	2.10151e-09
903	2.19586e-09
904	2.04115e-09
905	2.07153e-09
906	2.06432e-09
907	2.03789e-09
908	2.00084e-09
909	1.99342e-09
910	1.98691e-09
911	1.9931e-09
912	1.97783e-09
913	1.96573e-09
914	1.93927e-09
915	1.93147e-09
916	1.91646e-09
917	1.91464e-09
918	1.89773e-09
919	1.88626e-09
920	1.10364e-09
921	1.09864e-09
922	1.10094e-09
923	1.09609e-09
924	1.09005e-09
925	1.07551e-09
926	1.0683e-09
927	1.06087e-09
928	2.27513e-09
929	1.06984e-09
930	2.26899e-09
931	2.27031e-09
932	2.2514e-09
933	2.24905e-09
934	2.22032e-09
935	2.21341e-09
936	2.18791e-09
937	2.18808e-09
938	2.16713e-09
939	2.16403e-09
940	2.13801e-09
941	2.12862e-09
942	2.1046e-09
943	2.10276e-09
944	2.08265e-09
945	2.08253e-09
946	2.06322e-09
947	2.05955e-09
948	2.03933e-09
949	2.0355e-09
950	2.01138e-09
951	2.00906e-09
952	1.99078e-09
953	1.98696e-09
954	1.97089e-09
955	1.96634e-09
956	1.94594e-09
957	1.94467e-09
958	1.92679e-09
959	1.92296e-09
960	2.0391e-09
961	1.85506e-09
962	1.9052e-09
963	1.74916e-09
964	1.64521e-09
965	1.7449e-09
966	1.56518e-09
967	1.60344e-09
968	1.77854e-09
969	1.88778e-09
970	1.80419e-09
971	1.6733e-09
972	1.60344e-09
973	1.6403e-09
974	1.69623e-09
975	1.7195e-09
976	1.68677e-09
977	1.64658e-09
978	1.61701e-09
979	1.62989e-09
980	1.63334e-09
981	1.64022e-09
982	1.6152e-09
983	1.60661e-09
984	1.58752e-09
985	1.59626e-09
986	1.58616e-09
987	1.58946e-09
988	1.57095e-09
989	1.57182e-09
990	1.55678e-09
991	1.56168e-09
992	1.54762e-09
993	1.55236e-09
994	1.53505e-09
995	1.53679e-09
996	1.52056e-09
997	1.52772e-09
998	1.51349e-09
999	1.51641e-09
1000	1.50167e-09
