1	1.82872e-05
2	3.9974e-06
3	7.64122e-06
4	1.01578e-05
5	8.49601e-06
6	5.98111e-06
7	5.31532e-06
8	5.70821e-06
9	7.06255e-06
10	7.53424e-06
11	6.84441e-06
12	6.38559e-06
13	6.40202e-06
14	6.80787e-06
15	7.35886e-06
16	7.60687e-06
17	7.51502e-06
18	7.47332e-06
19	7.59835e-06
20	7.87248e-06
21	8.11228e-06
22	8.23715e-06
23	8.23707e-06
24	8.29622e-06
25	8.37243e-06
26	8.51209e-06
27	8.61822e-06
28	8.64205e-06
29	8.6719e-06
30	8.69831e-06
31	8.73965e-06
32	8.79243e-06
33	8.77888e-06
34	8.79747e-06
35	8.74947e-06
36	8.74559e-06
37	8.73859e-06
38	8.71194e-06
39	8.66179e-06
40	8.63059e-06
41	8.55571e-06
42	8.51388e-06
43	8.44872e-06
44	8.40523e-06
45	8.31745e-06
46	8.26039e-06
47	8.16379e-06
48	8.09854e-06
49	8.01514e-06
50	7.93888e-06
51	7.84924e-06
52	7.77726e-06
53	7.67931e-06
54	7.58266e-06
55	7.47856e-06
56	7.37607e-06
57	7.26562e-06
58	7.16133e-06
59	7.05451e-06
60	6.93696e-06
61	6.81661e-06
62	6.71916e-06
63	6.59273e-06
64	6.47985e-06
65	6.36369e-06
66	6.2539e-06
67	6.14119e-06
68	6.0329e-06
69	5.92387e-06
70	5.81408e-06
71	5.69625e-06
72	5.58922e-06
73	5.47266e-06
74	5.36197e-06
75	5.2422e-06
76	5.14126e-06
77	5.03952e-06
78	4.93874e-06
79	4.83561e-06
80	4.73965e-06
81	4.63971e-06
82	4.54612e-06
83	4.44896e-06
84	4.35357e-06
85	4.26181e-06
86	4.1682e-06
87	4.07289e-06
88	3.98085e-06
89	3.88988e-06
90	3.79941e-06
91	3.71303e-06
92	3.62725e-06
93	3.54541e-06
94	3.4643e-06
95	3.38688e-06
96	3.31227e-06
97	3.24043e-06
98	3.16962e-06
99	3.1008e-06
100	3.03336e-06
101	2.97004e-06
102	2.9073e-06
103	2.84839e-06
104	2.79137e-06
105	2.73628e-06
106	2.68333e-06
107	2.63329e-06
108	2.58569e-06
109	2.5372e-06
110	2.49133e-06
111	2.44708e-06
112	2.40273e-06
113	2.35975e-06
114	2.31878e-06
115	2.27991e-06
116	2.23962e-06
117	2.20185e-06
118	2.16489e-06
119	2.12993e-06
120	2.09345e-06
121	2.06036e-06
122	2.02684e-06
123	1.99466e-06
124	1.96325e-06
125	1.93311e-06
126	1.9022e-06
127	1.87408e-06
128	1.84473e-06
129	1.81598e-06
130	1.79012e-06
131	1.76303e-06
132	1.73685e-06
133	1.71319e-06
134	1.68786e-06
135	1.66554e-06
136	1.64289e-06
137	1.62166e-06
138	1.59998e-06
139	1.57849e-06
140	1.55907e-06
141	1.5388e-06
142	1.51851e-06
143	1.49926e-06
144	1.47873e-06
145	1.45958e-06
146	1.44035e-06
147	1.42028e-06
148	1.40293e-06
149	1.38395e-06
150	1.36549e-06
151	1.34793e-06
152	1.32856e-06
153	1.31012e-06
154	1.29367e-06
155	1.27648e-06
156	1.26039e-06
157	1.24391e-06
158	1.22778e-06
159	1.21096e-06
160	1.19642e-06
161	1.18043e-06
162	1.16606e-06
163	1.15109e-06
164	1.13845e-06
165	1.12402e-06
166	1.11177e-06
167	1.09933e-06
168	1.08658e-06
169	1.07486e-06
170	1.06253e-06
171	1.05106e-06
172	1.0393e-06
173	1.02842e-06
174	1.01736e-06
175	1.00632e-06
176	9.95419e-07
177	9.85549e-07
178	9.75958e-07
179	9.657e-07
180	9.5634e-07
181	9.47153e-07
182	9.37279e-07
183	9.2811e-07
184	9.1703e-07
185	9.07392e-07
186	9.00963e-07
187	8.90678e-07
188	8.82352e-07
189	8.72302e-07
190	8.64753e-07
191	8.55563e-07
192	8.46778e-07
193	8.39364e-07
194	8.31311e-07
195	8.23552e-07
196	8.15487e-07
197	8.07601e-07
198	8.00358e-07
199	7.92713e-07
200	7.85599e-07
201	7.78093e-07
202	7.70701e-07
203	7.63253e-07
204	7.5668e-07
205	7.49959e-07
206	7.43366e-07
207	7.36877e-07
208	7.30229e-07
209	7.24001e-07
210	7.18431e-07
211	7.12255e-07
212	7.0628e-07
213	7.01106e-07
214	6.95216e-07
215	6.89557e-07
216	6.84676e-07
217	6.78753e-07
218	6.73654e-07
219	6.6847e-07
220	6.63374e-07
221	6.58146e-07
222	6.52928e-07
223	6.47482e-07
224	6.42617e-07
225	6.37802e-07
226	6.3175e-07
227	6.27333e-07
228	6.2194e-07
229	6.17301e-07
230	6.11615e-07
231	6.07265e-07
232	6.01981e-07
233	5.97609e-07
234	5.92495e-07
235	5.87831e-07
236	5.83043e-07
237	5.78257e-07
238	5.73453e-07
239	5.69015e-07
240	5.63657e-07
241	5.59428e-07
242	5.55141e-07
243	5.50364e-07
244	5.4592e-07
245	5.41667e-07
246	5.3756e-07
247	5.32783e-07
248	5.28515e-07
249	5.23791e-07
250	5.19441e-07
251	5.15143e-07
252	5.10916e-07
253	5.06382e-07
254	5.02255e-07
255	4.97943e-07
256	4.93832e-07
257	4.897e-07
258	4.85718e-07
259	4.81552e-07
260	4.77603e-07
261	4.73352e-07
262	4.69438e-07
263	4.6572e-07
264	4.61788e-07
265	4.57678e-07
266	4.54152e-07
267	4.50011e-07
268	4.46596e-07
269	4.42418e-07
270	4.38891e-07
271	4.34955e-07
272	4.3146e-07
273	4.27509e-07
274	4.24229e-07
275	4.20152e-07
276	4.16658e-07
277	4.12706e-07
278	4.09169e-07
279	4.05352e-07
280	4.0225e-07
281	3.98293e-07
282	3.94866e-07
283	3.9144e-07
284	3.8793e-07
285	3.84313e-07
286	3.81018e-07
287	3.77357e-07
288	3.73904e-07
289	3.70348e-07
290	3.67151e-07
291	3.63371e-07
292	3.60322e-07
293	3.56795e-07
294	3.53341e-07
295	3.49706e-07
296	3.46462e-07
297	3.43006e-07
298	3.39774e-07
299	3.3664e-07
300	3.33194e-07
301	3.30225e-07
302	3.27189e-07
303	3.24144e-07
304	3.21111e-07
305	3.17977e-07
306	3.15218e-07
307	3.12149e-07
308	3.09353e-07
309	3.06294e-07
310	3.03674e-07
311	3.00866e-07
312	2.97868e-07
313	2.9512e-07
314	2.92491e-07
315	2.89565e-07
316	2.86829e-07
317	2.84173e-07
318	2.81481e-07
319	2.78847e-07
320	2.75919e-07
321	2.73565e-07
322	2.70858e-07
323	2.68112e-07
324	2.6577e-07
325	2.62998e-07
326	2.6074e-07
327	2.58052e-07
328	2.55758e-07
329	2.53088e-07
330	2.50805e-07
331	2.48285e-07
332	2.45973e-07
333	2.43415e-07
334	2.41186e-07
335	2.38614e-07
336	2.36502e-07
337	2.34195e-07
338	2.31929e-07
339	2.29525e-07
340	2.27391e-07
341	2.25012e-07
342	2.22945e-07
343	2.20692e-07
344	2.18434e-07
345	2.16407e-07
346	2.14176e-07
347	2.12027e-07
348	2.09967e-07
349	2.07806e-07
350	2.05821e-07
351	2.03761e-07
352	2.01667e-07
353	1.99705e-07
354	1.97645e-07
355	1.95699e-07
356	1.93697e-07
357	1.91719e-07
358	1.89924e-07
359	1.87931e-07
360	1.85993e-07
361	1.84221e-07
362	1.82262e-07
363	1.80463e-07
364	1.78577e-07
365	1.76868e-07
366	1.74979e-07
367	1.73274e-07
368	1.71544e-07
369	1.69644e-07
370	1.67951e-07
371	1.66252e-07
372	1.64525e-07
373	1.62826e-07
374	1.61226e-07
375	1.59439e-07
376	1.57965e-07
377	1.56222e-07
378	1.54629e-07
379	1.53058e-07
380	1.51522e-07
381	1.49887e-07
382	1.48408e-07
383	1.46888e-07
384	1.45299e-07
385	1.4382e-07
386	1.4239e-07
387	1.40879e-07
388	1.39501e-07
389	1.38123e-07
390	1.36692e-07
391	1.35376e-07
392	1.33963e-07
393	1.32602e-07
394	1.31295e-07
395	1.29986e-07
396	1.28643e-07
397	1.27373e-07
398	1.26118e-07
399	1.24866e-07
400	1.23672e-07
401	1.22459e-07
402	1.21291e-07
403	1.20128e-07
404	1.18946e-07
405	1.17774e-07
406	1.16646e-07
407	1.15508e-07
408	1.14438e-07
409	9.99195e-07
410	9.89174e-07
411	9.7985e-07
412	9.70824e-07
413	9.62156e-07
414	9.53566e-07
415	9.45505e-07
416	9.37232e-07
417	9.29669e-07
418	9.21911e-07
419	9.14056e-07
420	9.07116e-07
421	8.99662e-07
422	8.92495e-07
423	8.86157e-07
424	8.79177e-07
425	8.72097e-07
426	8.65382e-07
427	8.59002e-07
428	8.52246e-07
429	8.45986e-07
430	8.39428e-07
431	8.33114e-07
432	8.26846e-07
433	8.20794e-07
434	8.14801e-07
435	8.08553e-07
436	8.0332e-07
437	7.97415e-07
438	7.91749e-07
439	7.86195e-07
440	7.80382e-07
441	7.75461e-07
442	7.69909e-07
443	7.64558e-07
444	7.59586e-07
445	7.54568e-07
446	7.4984e-07
447	7.44742e-07
448	7.40098e-07
449	7.35586e-07
450	7.31103e-07
451	7.26618e-07
452	7.2227e-07
453	7.17958e-07
454	7.13856e-07
455	7.10084e-07
456	7.05592e-07
457	7.01827e-07
458	6.98012e-07
459	6.94045e-07
460	6.90318e-07
461	6.86948e-07
462	6.82926e-07
463	6.79308e-07
464	6.75927e-07
465	6.72531e-07
466	6.68872e-07
467	6.65949e-07
468	6.62169e-07
469	6.58668e-07
470	6.55556e-07
471	6.52214e-07
472	6.48858e-07
473	6.46101e-07
474	6.4249e-07
475	6.39705e-07
476	6.36357e-07
477	6.33132e-07
478	6.30051e-07
479	6.27256e-07
480	6.23906e-07
481	6.21071e-07
482	6.17838e-07
483	6.14813e-07
484	6.11911e-07
485	6.09029e-07
486	6.06051e-07
487	6.03028e-07
488	6.00333e-07
489	5.97262e-07
490	5.94352e-07
491	5.91449e-07
492	5.88722e-07
493	5.85899e-07
494	5.8282e-07
495	5.80173e-07
496	5.77306e-07
497	5.74763e-07
498	5.71765e-07
499	5.69275e-07
500	5.66539e-07
501	5.63861e-07
502	5.61208e-07
503	5.58686e-07
504	5.56169e-07
505	5.53393e-07
506	5.51148e-07
507	5.48707e-07
508	5.46167e-07
509	5.43939e-07
510	5.41533e-07
511	5.39689e-07
512	5.37031e-07
513	5.35305e-07
514	5.32799e-07
515	5.30903e-07
516	5.28725e-07
517	5.26634e-07
518	5.24827e-07
519	5.22808e-07
520	5.2101e-07
521	5.19263e-07
522	5.17137e-07
523	5.15798e-07
524	5.14091e-07
525	5.12387e-07
526	5.10986e-07
527	5.09624e-07
528	5.07581e-07
529	5.06683e-07
530	5.05156e-07
531	5.038e-07
532	5.0214e-07
533	5.01256e-07
534	4.99693e-07
535	4.98955e-07
536	4.97723e-07
537	4.96356e-07
538	4.95174e-07
539	4.94788e-07
540	4.93342e-07
541	4.92231e-07
542	4.91484e-07
543	4.90639e-07
544	4.89723e-07
545	4.88778e-07
546	4.87754e-07
547	4.86853e-07
548	4.86332e-07
549	4.85827e-07
550	4.84748e-07
551	4.841e-07
552	4.83151e-07
553	4.82787e-07
554	4.82061e-07
555	4.81447e-07
556	4.80791e-07
557	4.80595e-07
558	4.79502e-07
559	4.79539e-07
560	4.7872e-07
561	4.7855e-07
562	4.77753e-07
563	4.77444e-07
564	4.77301e-07
565	4.76652e-07
566	4.76109e-07
567	4.75687e-07
568	4.75579e-07
569	4.75068e-07
570	4.74634e-07
571	4.74426e-07
572	4.74008e-07
573	4.73873e-07
574	4.73314e-07
575	4.73156e-07
576	4.72661e-07
577	4.72637e-07
578	4.72154e-07
579	4.72119e-07
580	4.71624e-07
581	4.71479e-07
582	4.71013e-07
583	4.71354e-07
584	4.70312e-07
585	4.70553e-07
586	4.70249e-07
587	4.69989e-07
588	4.69859e-07
589	4.6964e-07
590	4.68944e-07
591	4.69189e-07
592	4.68486e-07
593	4.68682e-07
594	4.68145e-07
595	4.67972e-07
596	4.67134e-07
597	4.6725e-07
598	4.66311e-07
599	4.66376e-07
600	4.6567e-07
601	4.65401e-07
602	4.64793e-07
603	4.64545e-07
604	4.63667e-07
605	4.63573e-07
606	4.62848e-07
607	4.624e-07
608	4.61691e-07
609	4.61922e-07
610	4.60717e-07
611	4.60076e-07
612	4.59874e-07
613	4.59168e-07
614	4.58215e-07
615	4.58057e-07
616	4.57125e-07
617	4.56645e-07
618	4.55862e-07
619	4.55252e-07
620	4.54306e-07
621	4.53805e-07
622	4.52958e-07
623	4.52188e-07
624	4.51682e-07
625	4.50933e-07
626	4.50002e-07
627	4.49527e-07
628	4.48552e-07
629	4.47456e-07
630	4.47139e-07
631	4.45927e-07
632	4.45181e-07
633	4.44441e-07
634	4.43044e-07
635	4.42819e-07
636	4.4123e-07
637	4.40947e-07
638	4.3971e-07
639	4.38573e-07
640	4.38065e-07
641	4.36912e-07
642	4.35519e-07
643	4.34983e-07
644	4.33973e-07
645	4.32838e-07
646	4.31615e-07
647	4.30508e-07
648	4.29368e-07
649	4.28471e-07
650	4.27334e-07
651	4.2593e-07
652	4.25369e-07
653	4.23791e-07
654	4.22621e-07
655	4.21641e-07
656	4.20398e-07
657	4.19142e-07
658	4.18199e-07
659	4.17175e-07
660	4.15989e-07
661	4.14836e-07
662	4.1361e-07
663	4.12222e-07
664	4.113e-07
665	4.10026e-07
666	4.08812e-07
667	4.07358e-07
668	4.06278e-07
669	4.05058e-07
670	4.03969e-07
671	4.02299e-07
672	4.01495e-07
673	4.00072e-07
674	3.98756e-07
675	3.97157e-07
676	3.96189e-07
677	3.94819e-07
678	3.93461e-07
679	3.92166e-07
680	3.91156e-07
681	3.89367e-07
682	3.882e-07
683	3.86678e-07
684	3.85608e-07
685	3.84325e-07
686	3.82579e-07
687	3.81441e-07
688	3.79808e-07
689	3.78369e-07
690	3.77023e-07
691	3.75789e-07
692	3.74246e-07
693	3.72993e-07
694	3.71292e-07
695	3.69959e-07
696	3.68505e-07
697	3.67336e-07
698	3.65652e-07
699	3.6452e-07
700	3.62661e-07
701	3.61433e-07
702	3.59831e-07
703	3.58412e-07
704	3.56908e-07
705	3.55242e-07
706	3.53938e-07
707	3.52447e-07
708	3.50709e-07
709	3.49414e-07
710	3.47987e-07
711	3.46507e-07
712	3.44818e-07
713	3.43552e-07
714	3.41921e-07
715	3.40288e-07
716	3.38754e-07
717	3.37414e-07
718	3.35502e-07
719	3.34702e-07
720	3.3282e-07
721	3.31333e-07
722	3.29721e-07
723	3.28403e-07
724	3.26668e-07
725	3.2538e-07
726	3.23654e-07
727	3.22169e-07
728	3.20481e-07
729	3.19333e-07
730	3.17304e-07
731	3.16423e-07
732	3.14294e-07
733	3.13061e-07
734	3.11398e-07
735	3.09969e-07
736	3.08484e-07
737	3.06987e-07
738	3.05325e-07
739	3.03916e-07
740	3.0208e-07
741	3.00865e-07
742	2.9913e-07
743	2.97856e-07
744	2.96187e-07
745	2.94522e-07
746	2.93038e-07
747	2.91699e-07
748	2.89914e-07
749	2.88604e-07
750	2.8691e-07
751	2.8547e-07
752	2.8407e-07
753	2.82587e-07
754	2.80687e-07
755	2.79264e-07
756	2.77916e-07
757	2.76257e-07
758	2.74633e-07
759	2.73305e-07
760	2.71466e-07
761	2.70131e-07
762	2.68536e-07
763	2.66937e-07
764	2.65888e-07
765	2.64009e-07
766	2.62378e-07
767	2.61114e-07
768	2.59575e-07
769	2.58194e-07
770	2.56522e-07
771	2.55214e-07
772	2.53506e-07
773	2.52192e-07
774	2.50542e-07
775	2.49358e-07
776	2.4762e-07
777	2.46258e-07
778	2.4461e-07
779	2.43372e-07
780	2.41809e-07
781	2.40386e-07
782	2.38664e-07
783	2.37567e-07
784	2.35972e-07
785	2.34462e-07
786	2.32949e-07
787	2.31778e-07
788	2.30179e-07
789	2.2887e-07
790	2.27309e-07
791	2.26018e-07
792	2.2447e-07
793	2.23286e-07
794	2.21639e-07
795	2.20539e-07
796	2.18839e-07
797	2.17663e-07
798	2.16086e-07
799	2.14805e-07
800	2.13368e-07
801	2.12134e-07
802	2.10683e-07
803	2.09379e-07
804	2.07839e-07
805	2.06753e-07
806	2.05088e-07
807	2.04102e-07
808	2.02535e-07
809	2.01204e-07
810	1.99843e-07
811	1.98619e-07
812	1.97118e-07
813	1.95886e-07
814	1.94694e-07
815	1.93485e-07
816	1.91913e-07
817	1.90923e-07
818	1.89333e-07
819	1.88249e-07
820	1.86889e-07
821	1.85645e-07
822	1.84398e-07
823	1.83112e-07
824	1.81836e-07
825	1.80658e-07
826	1.79366e-07
827	1.78315e-07
828	1.76779e-07
829	1.75713e-07
830	1.74376e-07
831	1.73329e-07
832	1.7211e-07
833	1.70863e-07
834	1.69678e-07
835	1.68461e-07
836	1.67259e-07
837	1.66162e-07
838	1.64946e-07
839	1.637e-07
840	1.62583e-07
841	1.61498e-07
842	1.6021e-07
843	1.59247e-07
844	1.58058e-07
845	1.568e-07
846	1.55889e-07
847	1.5471e-07
848	1.53403e-07
849	1.52562e-07
850	1.51385e-07
851	1.50292e-07
852	1.49246e-07
853	1.48219e-07
854	1.4713e-07
855	1.46166e-07
856	1.44944e-07
857	1.43916e-07
858	1.43003e-07
859	1.41852e-07
860	1.40915e-07
861	1.39863e-07
862	1.38825e-07
863	1.37793e-07
864	1.36815e-07
865	1.35879e-07
866	1.34722e-07
867	1.33881e-07
868	1.32832e-07
869	1.31835e-07
870	1.3095e-07
871	1.29918e-07
872	1.2899e-07
873	1.28025e-07
874	1.27076e-07
875	1.26074e-07
876	1.2528e-07
877	1.24269e-07
878	1.23283e-07
879	1.22496e-07
880	1.21573e-07
881	1.20463e-07
882	1.19878e-07
883	1.1876e-07
884	1.17955e-07
885	1.17079e-07
886	9.91603e-07
887	9.92194e-07
888	9.81761e-07
889	9.7739e-07
890	9.72248e-07
891	9.66957e-07
892	9.62172e-07
893	9.59686e-07
894	9.52428e-07
895	9.47679e-07
896	9.43584e-07
897	9.35917e-07
898	9.30711e-07
899	9.25864e-07
900	9.18035e-07
901	9.12369e-07
902	9.07182e-07
903	9.00208e-07
904	8.95093e-07
905	8.89929e-07
906	8.8402e-07
907	8.77902e-07
908	8.74663e-07
909	8.67671e-07
910	8.63249e-07
911	8.58883e-07
912	8.53061e-07
913	8.48712e-07
914	8.44241e-07
915	8.37703e-07
916	8.33637e-07
917	8.29526e-07
918	8.24078e-07
919	8.18193e-07
920	8.13983e-07
921	8.07356e-07
922	8.03331e-07
923	7.97725e-07
924	7.91928e-07
925	7.86832e-07
926	7.82176e-07
927	7.7606e-07
928	7.71007e-07
929	7.65653e-07
930	7.60847e-07
931	7.55827e-07
932	7.50897e-07
933	7.44722e-07
934	7.40358e-07
935	7.355e-07
936	7.30034e-07
937	7.24831e-07
938	7.21274e-07
939	7.15132e-07
940	7.10414e-07
941	7.06247e-07
942	7.01111e-07
943	6.96051e-07
944	6.91769e-07
945	6.86729e-07
946	6.81847e-07
947	6.77936e-07
948	6.72474e-07
949	6.68045e-07
950	6.6424e-07
951	6.58753e-07
952	6.54081e-07
953	6.50292e-07
954	6.45049e-07
955	6.40753e-07
956	6.36627e-07
957	6.31695e-07
958	6.27176e-07
959	6.23334e-07
960	6.18531e-07
961	6.14179e-07
962	6.11035e-07
963	6.06149e-07
964	6.01756e-07
965	5.97677e-07
966	5.93835e-07
967	5.88829e-07
968	5.85213e-07
969	5.81336e-07
970	5.76588e-07
971	5.73323e-07
972	5.68641e-07
973	5.64537e-07
974	5.6072e-07
975	5.56635e-07
976	5.52179e-07
977	5.49432e-07
978	5.4428e-07
979	5.40821e-07
980	5.37159e-07
981	5.32727e-07
982	5.28694e-07
983	5.25809e-07
984	5.21368e-07
985	5.1705e-07
986	5.1382e-07
987	5.09978e-07
988	5.06005e-07
989	5.0279e-07
990	4.98706e-07
991	4.94983e-07
992	4.91561e-07
993	4.87337e-07
994	4.8417e-07
995	4.80847e-07
996	4.76566e-07
997	4.73584e-07
998	4.69677e-07
999	4.66449e-07
1000	4.62449e-07
