1	3.63
2	6.78
3	9.82
4	12.89
5	16
6	19
7	22.07
8	25.15
9	28.17
10	31.26
11	34.26
12	37.4
13	40.45
14	43.42
15	46.48
16	49.55
17	52.5
18	55.62
19	58.63
20	61.66
21	64.8
22	67.83
23	70.82
24	73.86
25	76.92
26	79.94
27	82.96
28	86.02
29	89.04
30	92.06
31	95.1
32	98.08
33	101.06
34	104.09
35	107.08
36	110.01
37	113.05
38	116.05
39	118.93
40	121.93
41	124.96
42	127.89
43	130.87
44	133.82
45	136.75
46	139.69
47	142.64
48	145.63
49	148.63
50	151.63
51	154.58
52	157.54
53	160.53
54	163.53
55	166.48
56	169.44
57	172.44
58	175.39
59	178.39
60	181.39
61	184.46
62	187.48
63	190.48
64	193.42
65	196.4
66	199.35
67	202.29
68	205.29
69	208.25
70	211.2
71	214.15
72	217.09
73	220.05
74	222.99
75	225.95
76	228.9
77	231.85
78	234.8
79	237.73
80	240.65
81	243.57
82	246.59
83	249.54
84	252.5
85	255.48
86	258.43
87	261.38
88	264.41
89	267.35
90	270.3
91	273.35
92	276.39
93	279.37
94	282.36
95	285.34
96	288.29
97	291.24
98	294.21
99	297.16
100	300.13
101	303.15
102	306.09
103	308.99
104	311.85
105	314.78
106	317.7
107	320.61
108	323.54
109	326.44
110	329.34
111	332.25
112	335.17
113	338.06
114	341.07
115	344.05
116	346.94
117	349.84
118	352.74
119	355.7
120	358.68
121	361.62
122	364.6
123	367.52
124	370.48
125	373.43
126	376.41
127	379.38
128	382.33
129	385.41
130	388.36
131	391.32
132	394.47
133	397.42
134	400.38
135	403.33
136	406.36
137	409.31
138	412.28
139	415.23
140	418.19
141	421.15
142	424.17
143	427.13
144	430.09
145	433.04
146	436.02
147	438.97
148	441.93
149	444.92
150	447.88
151	450.82
152	453.77
153	456.72
154	459.67
155	462.61
156	465.57
157	468.51
158	471.48
159	474.45
160	477.41
161	480.37
162	483.32
163	486.37
164	489.32
165	492.26
166	495.24
167	498.21
168	501.17
169	504.15
170	507.1
171	510.05
172	513.01
173	515.96
174	518.91
175	521.86
176	524.82
177	527.77
178	530.72
179	533.67
180	536.64
181	539.6
182	542.56
183	545.53
184	548.48
185	551.43
186	554.39
187	557.35
188	560.3
189	563.28
190	566.24
191	569.19
192	572.14
193	575.09
194	578.04
195	580.99
196	583.93
197	586.88
198	589.83
199	592.77
200	595.75
201	598.75
202	601.7
203	604.65
204	607.65
205	610.6
206	613.55
207	616.53
208	619.49
209	622.44
210	625.41
211	628.38
212	631.37
213	634.32
214	637.27
215	640.22
216	643.18
217	646.13
218	649.08
219	652.02
220	654.97
221	657.93
222	660.9
223	663.88
224	666.82
225	669.78
226	672.73
227	675.71
228	678.65
229	681.6
230	684.58
231	687.53
232	690.48
233	693.44
234	696.39
235	699.33
236	702.28
237	705.23
238	708.2
239	711.15
240	714.1
241	717.06
242	720.02
243	722.97
244	725.95
245	728.92
246	731.86
247	734.84
248	737.79
249	740.76
250	743.72
251	746.67
252	749.63
253	752.58
254	755.54
255	758.5
256	761.45
257	764.4
258	767.37
259	770.32
260	773.27
261	776.23
262	779.19
263	782.15
264	785.17
265	788.13
266	791.09
267	794.06
268	797.03
269	799.99
270	802.96
271	805.92
272	808.87
273	811.82
274	814.77
275	817.72
276	820.69
277	823.64
278	826.6
279	829.55
280	832.51
281	835.47
282	838.44
283	841.34
284	844.24
285	847.15
286	850.06
287	852.96
288	855.9
289	858.81
290	861.71
291	864.65
292	867.55
293	870.44
294	873.34
295	876.24
296	879.15
297	882.06
298	884.97
299	887.86
300	890.79
301	893.73
302	896.63
303	899.55
304	902.48
305	905.38
306	908.29
307	911.19
308	914.12
309	917.04
310	919.93
311	922.86
312	925.76
313	928.66
314	931.56
315	934.46
316	937.37
317	940.27
318	943.23
319	946.18
320	949.16
321	952.12
322	955.09
323	957.98
324	960.97
325	963.92
326	966.92
327	969.88
328	972.82
329	975.82
330	978.76
331	981.73
332	984.71
333	987.66
334	990.61
335	993.52
336	996.42
337	999.31
338	1002.21
339	1005.17
340	1008.08
341	1010.99
342	1013.88
343	1016.79
344	1019.7
345	1022.62
346	1025.46
347	1028.32
348	1031.16
349	1034.02
350	1036.93
351	1039.85
352	1042.77
353	1045.68
354	1048.58
355	1051.48
356	1054.43
357	1057.34
358	1060.24
359	1063.14
360	1066.07
361	1068.99
362	1071.89
363	1074.79
364	1077.69
365	1080.59
366	1083.48
367	1086.41
368	1089.37
369	1092.27
370	1095.19
371	1098.1
372	1101.02
373	1103.97
374	1106.88
375	1109.78
376	1112.68
377	1115.59
378	1118.49
379	1121.38
380	1124.28
381	1127.19
382	1130.09
383	1132.95
384	1135.82
385	1138.68
386	1141.52
387	1144.42
388	1147.26
389	1150.11
390	1152.96
391	1155.83
392	1158.67
393	1161.51
394	1164.39
395	1167.25
396	1170.1
397	1172.95
398	1175.79
399	1178.63
400	1181.49
401	1184.38
402	1187.23
403	1190.08
404	1192.93
405	1195.79
406	1198.65
407	1201.49
408	1204.33
409	1207.16
410	1210.03
411	1212.85
412	1215.72
413	1218.55
414	1221.38
415	1224.25
416	1227.09
417	1229.87
418	1232.67
419	1235.44
420	1238.22
421	1241.01
422	1243.79
423	1246.56
424	1249.34
425	1252.12
426	1254.9
427	1257.69
428	1260.48
429	1263.29
430	1266.06
431	1268.85
432	1271.62
433	1274.41
434	1277.21
435	1279.98
436	1282.78
437	1285.56
438	1288.35
439	1291.13
440	1293.91
441	1296.69
442	1299.42
443	1302.13
444	1304.86
445	1307.59
446	1310.32
447	1313.05
448	1315.78
449	1318.51
450	1321.24
451	1323.97
452	1326.7
453	1329.48
454	1332.2
455	1334.95
456	1337.68
457	1340.4
458	1343.17
459	1345.96
460	1348.68
461	1351.41
462	1354.14
463	1356.85
464	1359.58
465	1362.3
466	1365.03
467	1367.76
468	1370.48
469	1373.2
470	1375.94
471	1378.67
472	1381.4
473	1384.18
474	1386.93
475	1389.66
476	1392.38
477	1395.13
478	1397.86
479	1400.59
480	1403.32
481	1406.03
482	1408.74
483	1411.45
484	1414.16
485	1416.88
486	1419.59
487	1422.3
488	1425
489	1427.72
490	1430.43
491	1433.13
492	1435.84
493	1438.57
494	1441.28
495	1443.99
496	1446.7
497	1449.47
498	1452.18
499	1454.92
500	1457.65
501	1460.41
502	1463.15
503	1465.86
504	1468.57
505	1471.28
506	1473.99
507	1476.7
508	1479.41
509	1482.13
510	1484.84
511	1487.55
512	1490.27
513	1492.98
514	1495.7
515	1498.36
516	1501.02
517	1503.75
518	1506.4
519	1509.05
520	1511.72
521	1514.59
522	1517.27
523	1519.92
524	1522.6
525	1525.27
526	1527.93
527	1530.59
528	1533.24
529	1535.9
530	1538.58
531	1541.23
532	1543.91
533	1546.57
534	1549.23
535	1551.9
536	1554.56
537	1557.22
538	1559.88
539	1562.54
540	1565.2
541	1567.85
542	1570.55
543	1573.21
544	1575.95
545	1578.61
546	1581.27
547	1583.96
548	1586.62
549	1589.27
550	1591.93
551	1594.6
552	1597.25
553	1599.92
554	1602.57
555	1605.23
556	1607.9
557	1610.57
558	1613.23
559	1615.91
560	1618.57
561	1621.23
562	1623.96
563	1626.63
564	1629.29
565	1631.95
566	1634.65
567	1637.28
568	1639.94
569	1642.61
570	1645.28
571	1647.93
572	1650.59
573	1653.25
574	1655.91
575	1658.56
576	1661.22
577	1663.88
578	1666.54
579	1669.21
580	1671.88
581	1674.54
582	1677.2
583	1679.87
584	1682.52
585	1685.21
586	1687.86
587	1690.58
588	1693.24
589	1695.97
590	1698.63
591	1701.3
592	1704
593	1706.65
594	1709.31
595	1711.97
596	1714.63
597	1717.28
598	1719.95
599	1722.6
600	1725.3
601	1728.02
602	1730.67
603	1733.33
604	1736
605	1738.67
606	1741.32
607	1744.03
608	1746.69
609	1749.35
610	1752.01
611	1754.7
612	1757.36
613	1760.02
614	1762.72
615	1765.38
616	1768.05
617	1770.69
618	1773.34
619	1775.97
620	1778.62
621	1781.26
622	1783.9
623	1786.54
624	1789.19
625	1791.83
626	1794.48
627	1797.14
628	1799.78
629	1802.44
630	1805.07
631	1807.71
632	1810.41
633	1813.06
634	1815.77
635	1818.41
636	1821.05
637	1823.72
638	1826.36
639	1829.02
640	1831.69
641	1834.33
642	1836.97
643	1839.61
644	1842.26
645	1844.9
646	1847.55
647	1850.19
648	1852.83
649	1855.56
650	1858.24
651	1860.88
652	1863.58
653	1866.22
654	1868.86
655	1871.51
656	1874.19
657	1876.85
658	1879.47
659	1882.12
660	1884.78
661	1887.42
662	1890.08
663	1892.71
664	1895.34
665	1897.97
666	1900.6
667	1903.22
668	1905.9
669	1908.54
670	1911.18
671	1913.81
672	1916.44
673	1919.07
674	1921.71
675	1924.34
676	1926.97
677	1929.6
678	1932.26
679	1934.92
680	1937.56
681	1940.19
682	1942.85
683	1945.48
684	1948.11
685	1950.73
686	1953.35
687	1955.99
688	1958.62
689	1961.2
690	1963.83
691	1966.4
692	1968.97
693	1971.54
694	1974.13
695	1976.71
696	1979.29
697	1981.86
698	1984.49
699	1987.08
700	1989.67
701	1992.28
702	1994.9
703	1997.48
704	2000.05
705	2002.68
706	2005.26
707	2007.83
708	2010.41
709	2012.97
710	2015.53
711	2018.1
712	2020.67
713	2023.22
714	2025.77
715	2028.34
716	2030.9
717	2033.45
718	2036.02
719	2038.58
720	2041.14
721	2043.71
722	2046.27
723	2048.83
724	2051.44
725	2054.03
726	2056.61
727	2059.17
728	2061.73
729	2064.33
730	2066.89
731	2069.44
732	2072
733	2074.57
734	2077.13
735	2079.68
736	2082.22
737	2084.75
738	2087.3
739	2089.85
740	2092.4
741	2094.94
742	2097.49
743	2100.03
744	2102.6
745	2105.14
746	2107.69
747	2110.23
748	2112.81
749	2115.4
750	2117.96
751	2120.5
752	2123.07
753	2125.62
754	2128.16
755	2130.7
756	2133.25
757	2135.78
758	2138.33
759	2140.88
760	2143.43
761	2145.97
762	2148.53
763	2151.07
764	2153.62
765	2156.16
766	2158.71
767	2161.25
768	2163.8
769	2166.34
770	2168.89
771	2171.47
772	2174.07
773	2176.63
774	2179.19
775	2181.73
776	2184.31
777	2186.88
778	2189.43
779	2191.98
780	2194.53
781	2197.08
782	2199.62
783	2202.15
784	2204.71
785	2207.25
786	2209.81
787	2212.34
788	2214.87
789	2217.4
790	2219.94
791	2222.48
792	2225.01
793	2227.54
794	2230.06
795	2232.58
796	2235.16
797	2237.7
798	2240.23
799	2242.78
800	2245.32
801	2247.89
802	2250.42
803	2252.95
804	2255.48
805	2258
806	2260.54
807	2263.07
808	2265.6
809	2268.13
810	2270.67
811	2273.2
812	2275.73
813	2278.27
814	2280.79
815	2283.26
816	2285.81
817	2288.29
818	2290.77
819	2293.24
820	2295.77
821	2298.24
822	2300.74
823	2303.23
824	2305.7
825	2308.18
826	2310.66
827	2313.14
828	2315.6
829	2318.09
830	2320.57
831	2323.04
832	2325.52
833	2328
834	2330.48
835	2332.96
836	2335.5
837	2338.08
838	2340.56
839	2343.39
840	2346.29
841	2349.24
842	2352.01
843	2354.89
844	2357.56
845	2360.31
846	2363.02
847	2365.65
848	2368.35
849	2370.99
850	2373.7
851	2376.33
852	2379
853	2381.6
854	2384.05
855	2386.64
856	2389.43
857	2391.89
858	2394.51
859	2396.97
860	2399.38
861	2401.84
862	2404.28
863	2406.72
864	2409.18
865	2411.65
866	2414.13
867	2416.58
868	2419.03
869	2421.47
870	2423.94
871	2426.39
872	2428.83
873	2431.3
874	2434.15
875	2436.78
876	2439.54
877	2442
878	2444.51
879	2447.07
880	2449.57
881	2452.02
882	2454.86
883	2457.7
884	2460.29
885	2462.98
886	2466.04
887	2469.41
888	2472.21
889	2474.71
890	2477.79
891	2480.61
892	2483.57
893	2485.97
894	2488.46
895	2490.91
896	2493.53
897	2496.18
898	2499.04
899	2501.82
900	2505.12
901	2507.92
902	2510.53
903	2513.1
904	2516.05
905	2518.69
906	2521.29
907	2523.7
908	2526.67
909	2529.32
910	2531.95
911	2534.43
912	2537.24
913	2539.9
914	2542.57
915	2545.33
916	2547.74
917	2550.15
918	2552.54
919	2555.47
920	2557.92
921	2560.47
922	2562.87
923	2565.25
924	2568.36
925	2571.26
926	2573.95
927	2576.36
928	2578.74
929	2581.17
930	2583.91
931	2586.3
932	2588.6
933	2590.91
934	2593.23
935	2595.58
936	2597.97
937	2600.54
938	2602.92
939	2605.24
940	2607.56
941	2609.86
942	2612.19
943	2614.73
944	2617.05
945	2619.37
946	2621.72
947	2624.03
948	2626.7
949	2629.15
950	2631.61
951	2634.71
952	2637.69
953	2640.74
954	2643.97
955	2647.03
956	2649.95
957	2652.57
958	2655.13
959	2657.81
960	2660.42
961	2663.29
962	2666.3
963	2669.29
964	2672.3
965	2675.23
966	2678.1
967	2680.91
968	2683.74
969	2686.76
970	2689.66
971	2692.5
972	2695.31
973	2697.83
974	2700.32
975	2702.8
976	2705.24
977	2707.66
978	2710.07
979	2712.53
980	2715.11
981	2717.66
982	2720.2
983	2722.72
984	2725.2
985	2727.62
986	2730.05
987	2732.48
988	2734.9
989	2737.36
990	2739.77
991	2742.25
992	2744.67
993	2747.13
994	2749.53
995	2751.99
996	2754.4
997	2756.88
998	2759.28
999	2761.74
1000	2764.16
