1	1
2	0.283427
3	0.36939
4	0.291871
5	0.16525
6	0.0929047
7	0.0692563
8	0.0689532
9	0.0765257
10	0.0724792
11	0.0583703
12	0.046364
13	0.0409303
14	0.0400766
15	0.0395987
16	0.036926
17	0.0327521
18	0.0293184
19	0.0273534
20	0.0263764
21	0.0253402
22	0.0238901
23	0.0222426
24	0.0208083
25	0.0197889
26	0.0190252
27	0.0182509
28	0.0173779
29	0.0165103
30	0.0157461
31	0.0151147
32	0.0145531
33	0.0140168
34	0.0134722
35	0.0129558
36	0.0124819
37	0.0120579
38	0.0116633
39	0.0112858
40	0.010924
41	0.0105767
42	0.0102552
43	0.00995857
44	0.00966811
45	0.00939404
46	0.00913289
47	0.00888243
48	0.00865137
49	0.00842768
50	0.00821581
51	0.00801214
52	0.00781556
53	0.00762428
54	0.00744865
55	0.00727708
56	0.00711665
57	0.00696015
58	0.00681053
59	0.00666779
60	0.0065306
61	0.00639774
62	0.006269
63	0.00614604
64	0.00602697
65	0.00591156
66	0.00580193
67	0.0056975
68	0.00559307
69	0.00549451
70	0.00539611
71	0.00530352
72	0.00521501
73	0.00512807
74	0.00504373
75	0.00496108
76	0.00488374
77	0.00480724
78	0.00473336
79	0.00466214
80	0.0045915
81	0.00452604
82	0.00446093
83	0.00439779
84	0.00433704
85	0.00427821
86	0.00422231
87	0.00416659
88	0.00411501
89	0.00406407
90	0.00401524
91	0.00396834
92	0.00392351
93	0.00387939
94	0.00383664
95	0.00379655
96	0.00375827
97	0.00372147
98	0.00368503
99	0.003651
100	0.00361734
101	0.00358547
102	0.00355507
103	0.00352607
104	0.0034976
105	0.00347095
106	0.0034447
107	0.00342018
108	0.00339607
109	0.00337372
110	0.00335278
111	0.00333119
112	0.00331294
113	0.0032943
114	0.00327638
115	0.00325955
116	0.00324508
117	0.00322968
118	0.00321554
119	0.00320411
120	0.00319155
121	0.00318115
122	0.00317072
123	0.00316221
124	0.00315382
125	0.0031458
126	0.00313973
127	0.00313361
128	0.00312785
129	0.00312273
130	0.00311796
131	0.003113
132	0.00310847
133	0.00310507
134	0.00310284
135	0.00309946
136	0.00309761
137	0.00309596
138	0.00309528
139	0.00309341
140	0.00309307
141	0.00309238
142	0.00309252
143	0.00309189
144	0.0030915
145	0.0030917
146	0.0030912
147	0.00309117
148	0.00309137
149	0.0030925
150	0.00309288
151	0.00309329
152	0.00309379
153	0.00309377
154	0.00309411
155	0.00309386
156	0.00309474
157	0.00309409
158	0.00309417
159	0.00309433
160	0.00309362
161	0.00309494
162	0.00309464
163	0.0030943
164	0.00309511
165	0.00309519
166	0.00309549
167	0.00309564
168	0.00309526
169	0.00309521
170	0.00309527
171	0.00309452
172	0.0030938
173	0.00309254
174	0.00309259
175	0.00309159
176	0.0030905
177	0.00308869
178	0.00308728
179	0.00308625
180	0.00308422
181	0.00308245
182	0.00308055
183	0.00307926
184	0.00307643
185	0.00307392
186	0.0030724
187	0.00306964
188	0.00306719
189	0.00306478
190	0.00306115
191	0.0030587
192	0.00305558
193	0.00305222
194	0.0030492
195	0.00304626
196	0.00304246
197	0.00303878
198	0.00303478
199	0.00303065
200	0.00302604
201	0.00302195
202	0.00301702
203	0.00301192
204	0.00300717
205	0.00300199
206	0.00299661
207	0.00299126
208	0.0029855
209	0.00297966
210	0.00297328
211	0.00296668
212	0.00296044
213	0.00295373
214	0.00294653
215	0.00293967
216	0.0029322
217	0.00292476
218	0.00291749
219	0.00290978
220	0.00290169
221	0.00289369
222	0.00288486
223	0.00287677
224	0.00286807
225	0.0028591
226	0.00285061
227	0.00284143
228	0.00283265
229	0.00282335
230	0.00281374
231	0.00280446
232	0.00279415
233	0.00278468
234	0.00277463
235	0.00276504
236	0.00275508
237	0.00274502
238	0.00273464
239	0.00272455
240	0.00271366
241	0.00270278
242	0.00269183
243	0.00268091
244	0.00267005
245	0.00265891
246	0.00264811
247	0.00263679
248	0.00262609
249	0.00261467
250	0.00260356
251	0.00259213
252	0.00258064
253	0.00256916
254	0.0025577
255	0.00254631
256	0.00253445
257	0.00252275
258	0.0025112
259	0.00249962
260	0.00248794
261	0.00247568
262	0.00246395
263	0.00245172
264	0.00243938
265	0.00242733
266	0.00241523
267	0.00240297
268	0.00239064
269	0.00237779
270	0.00236562
271	0.00235306
272	0.00234018
273	0.00232776
274	0.00231472
275	0.00230202
276	0.00228944
277	0.00227656
278	0.00226375
279	0.00225106
280	0.00223829
281	0.00222589
282	0.00221308
283	0.00220027
284	0.00218748
285	0.00217495
286	0.00216237
287	0.00214982
288	0.00213752
289	0.00212541
290	0.00211308
291	0.00210061
292	0.00208836
293	0.00207625
294	0.00206417
295	0.00205199
296	0.00203998
297	0.00202811
298	0.00201646
299	0.00200464
300	0.00199289
301	0.00198139
302	0.00196971
303	0.00195824
304	0.00194695
305	0.00193565
306	0.00192463
307	0.00191359
308	0.00190258
309	0.00189174
310	0.00188089
311	0.00187016
312	0.00185939
313	0.00184878
314	0.00183821
315	0.00182781
316	0.00181741
317	0.0018072
318	0.00179708
319	0.00178701
320	0.00177705
321	0.00176712
322	0.00175726
323	0.00174767
324	0.00173819
325	0.00172871
326	0.00171917
327	0.00170967
328	0.00170026
329	0.00169107
330	0.00168191
331	0.00167282
332	0.00166389
333	0.00165491
334	0.00164603
335	0.00163742
336	0.00162871
337	0.00162021
338	0.00161176
339	0.00160324
340	0.00159507
341	0.00158696
342	0.00157881
343	0.00157065
344	0.00156255
345	0.00155472
346	0.00154697
347	0.00153921
348	0.00153163
349	0.00152436
350	0.00151683
351	0.00150939
352	0.00150218
353	0.00149504
354	0.00148791
355	0.00148096
356	0.00147405
357	0.00146713
358	0.00146035
359	0.00145356
360	0.00144696
361	0.00144039
362	0.00143374
363	0.00142721
364	0.00142081
365	0.00141444
366	0.00140806
367	0.00140182
368	0.00139574
369	0.00138966
370	0.00138358
371	0.00137762
372	0.00137176
373	0.00136591
374	0.00136008
375	0.00135434
376	0.00134862
377	0.00134297
378	0.00133736
379	0.00133184
380	0.0013264
381	0.001321
382	0.00131572
383	0.00131041
384	0.00130511
385	0.00129984
386	0.00129469
387	0.00128948
388	0.00128431
389	0.00127919
390	0.00127418
391	0.00126921
392	0.00126427
393	0.00125924
394	0.00125428
395	0.00124951
396	0.00124453
397	0.00123982
398	0.00123497
399	0.00123024
400	0.00122552
401	0.00122089
402	0.00121617
403	0.00121165
404	0.00120698
405	0.00120246
406	0.00119788
407	0.0011934
408	0.00118886
409	0.00118439
410	0.00117992
411	0.00117554
412	0.00117094
413	0.00116654
414	0.00116213
415	0.00115787
416	0.00115357
417	0.00114917
418	0.00114479
419	0.00114056
420	0.00113624
421	0.00113198
422	0.00112766
423	0.00112352
424	0.00111919
425	0.00111493
426	0.0011107
427	0.00110647
428	0.00110225
429	0.00109803
430	0.00109379
431	0.00108963
432	0.00108543
433	0.00108131
434	0.00107711
435	0.00107305
436	0.00106895
437	0.00106485
438	0.00106074
439	0.00105667
440	0.00105262
441	0.0010486
442	0.0010446
443	0.00104052
444	0.00103656
445	0.00103255
446	0.00102852
447	0.00102458
448	0.00102063
449	0.00101675
450	0.00101275
451	0.00100892
452	0.00100502
453	0.00100113
454	0.00099727
455	0.000993425
456	0.000989562
457	0.000985837
458	0.000982084
459	0.000978336
460	0.000974613
461	0.000970852
462	0.000967059
463	0.000963321
464	0.000959602
465	0.000955952
466	0.00095221
467	0.000948586
468	0.000944926
469	0.000941328
470	0.000937764
471	0.000934221
472	0.000930662
473	0.000927124
474	0.000923506
475	0.000919985
476	0.000916441
477	0.000912934
478	0.000909448
479	0.000906033
480	0.000902582
481	0.000899126
482	0.000895688
483	0.000892273
484	0.000888853
485	0.000885424
486	0.00088202
487	0.000878674
488	0.000875316
489	0.000871993
490	0.000868673
491	0.000865382
492	0.000862046
493	0.000858823
494	0.000855467
495	0.000852174
496	0.00084886
497	0.000845603
498	0.000842312
499	0.000839119
500	0.000835817
501	0.00083264
502	0.000829401
503	0.000826193
504	0.000822961
505	0.000819761
506	0.000816611
507	0.000813414
508	0.000810264
509	0.000807081
510	0.000803927
511	0.000800805
512	0.000797683
513	0.000794588
514	0.000791472
515	0.000788364
516	0.000785265
517	0.000782167
518	0.000779075
519	0.000776048
520	0.000773034
521	0.000770001
522	0.000766944
523	0.000763916
524	0.000760919
525	0.000757883
526	0.000754883
527	0.000751897
528	0.000748894
529	0.000745926
530	0.000742917
531	0.000739991
532	0.00073702
533	0.000734055
534	0.000731071
535	0.000728122
536	0.000725157
537	0.000722268
538	0.000719361
539	0.000716481
540	0.00071356
541	0.000710679
542	0.000707764
543	0.000704884
544	0.000702008
545	0.000699078
546	0.000696204
547	0.000693391
548	0.000690534
549	0.000687702
550	0.000684855
551	0.000682023
552	0.00067922
553	0.000676441
554	0.000673597
555	0.000670792
556	0.00066799
557	0.000665227
558	0.000662443
559	0.000659669
560	0.000656887
561	0.000654138
562	0.000651353
563	0.000648641
564	0.000645892
565	0.000643177
566	0.000640425
567	0.000637714
568	0.00063499
569	0.000632306
570	0.000629571
571	0.000626915
572	0.000624227
573	0.0006216
574	0.000618935
575	0.000616305
576	0.000613659
577	0.00061104
578	0.0006084
579	0.000605776
580	0.000603141
581	0.000600554
582	0.000597924
583	0.000595349
584	0.000592748
585	0.00059023
586	0.000587623
587	0.000585063
588	0.000582504
589	0.000579992
590	0.000577457
591	0.000574935
592	0.000572401
593	0.000569901
594	0.000567379
595	0.000564914
596	0.000562429
597	0.000559939
598	0.000557448
599	0.000554969
600	0.000552521
601	0.000550079
602	0.000547617
603	0.000545192
604	0.000542772
605	0.000540366
606	0.00053795
607	0.000535556
608	0.00053315
609	0.000530744
610	0.000528377
611	0.000526021
612	0.000523641
613	0.000521291
614	0.000518903
615	0.0005166
616	0.000514255
617	0.000511954
618	0.00050963
619	0.000507329
620	0.000505002
621	0.00050271
622	0.000500389
623	0.000498126
624	0.000495834
625	0.00049356
626	0.000491281
627	0.000489068
628	0.000486827
629	0.000484567
630	0.000482348
631	0.000480084
632	0.000477852
633	0.000475644
634	0.000473436
635	0.000471238
636	0.00046903
637	0.00046685
638	0.000464643
639	0.000462477
640	0.000460299
641	0.000458129
642	0.00045594
643	0.000453783
644	0.000451641
645	0.000449516
646	0.000447368
647	0.000445278
648	0.00044314
649	0.000441021
650	0.000438913
651	0.000436815
652	0.000434724
653	0.000432624
654	0.000430509
655	0.000428438
656	0.000426358
657	0.000424299
658	0.000422247
659	0.0004202
660	0.000418135
661	0.000416094
662	0.000414056
663	0.000412022
664	0.000409984
665	0.000407975
666	0.000405954
667	0.000403946
668	0.000401943
669	0.000399963
670	0.000397977
671	0.000396002
672	0.000394015
673	0.000392045
674	0.000390065
675	0.000388105
676	0.000386142
677	0.000384198
678	0.000382236
679	0.000380312
680	0.000378376
681	0.000376466
682	0.000374542
683	0.000372656
684	0.000370751
685	0.000368869
686	0.00036697
687	0.000365098
688	0.000363212
689	0.000361358
690	0.000359468
691	0.000357634
692	0.000355764
693	0.000353916
694	0.000352056
695	0.000350249
696	0.000348403
697	0.000346595
698	0.000344776
699	0.000342955
700	0.000341146
701	0.000339354
702	0.000337534
703	0.000335758
704	0.000333969
705	0.000332205
706	0.000330437
707	0.00032869
708	0.000326923
709	0.000325181
710	0.000323423
711	0.000321703
712	0.000319943
713	0.000318235
714	0.000316493
715	0.000314798
716	0.000313065
717	0.000311375
718	0.000309651
719	0.000307984
720	0.000306285
721	0.000304617
722	0.000302937
723	0.000301269
724	0.000299595
725	0.000297953
726	0.0002963
727	0.000294667
728	0.00029302
729	0.000291392
730	0.000289764
731	0.00028816
732	0.000286546
733	0.000284947
734	0.000283338
735	0.000281756
736	0.000280174
737	0.000278592
738	0.000277019
739	0.000275462
740	0.0002739
741	0.00027235
742	0.000270797
743	0.000269265
744	0.000267727
745	0.000266194
746	0.000264665
747	0.000263153
748	0.000261635
749	0.000260141
750	0.000258641
751	0.000257159
752	0.000255667
753	0.000254189
754	0.0002527
755	0.000251237
756	0.000249772
757	0.000248318
758	0.00024687
759	0.000245432
760	0.000243989
761	0.000242559
762	0.000241124
763	0.000239713
764	0.00023829
765	0.000236892
766	0.000235479
767	0.000234089
768	0.000232693
769	0.000231315
770	0.000229934
771	0.000228569
772	0.000227194
773	0.000225845
774	0.000224488
775	0.000223139
776	0.000221799
777	0.000220478
778	0.000219137
779	0.00021782
780	0.000216494
781	0.000215189
782	0.000213882
783	0.000212579
784	0.000211271
785	0.000209995
786	0.00020871
787	0.000207439
788	0.00020617
789	0.000204915
790	0.00020365
791	0.000202412
792	0.000201159
793	0.000199926
794	0.000198692
795	0.000197471
796	0.000196248
797	0.000195038
798	0.000193811
799	0.000192619
800	0.000191418
801	0.000190235
802	0.000189038
803	0.000187866
804	0.000186687
805	0.000185522
806	0.000184356
807	0.000183206
808	0.000182048
809	0.00018091
810	0.000179758
811	0.000178627
812	0.000177496
813	0.000176381
814	0.000175256
815	0.000174157
816	0.000173044
817	0.000171947
818	0.000170848
819	0.000169766
820	0.000168674
821	0.000167608
822	0.000166524
823	0.000165467
824	0.000164401
825	0.000163349
826	0.000162291
827	0.000161252
828	0.000160208
829	0.000159175
830	0.000158139
831	0.000157121
832	0.000156093
833	0.000155087
834	0.00015407
835	0.000153074
836	0.000152074
837	0.00015109
838	0.000150101
839	0.000149126
840	0.000148138
841	0.000147176
842	0.000146204
843	0.000145248
844	0.000144285
845	0.000143336
846	0.000142386
847	0.000141449
848	0.000140515
849	0.000139596
850	0.000138671
851	0.000137758
852	0.000136847
853	0.000135947
854	0.00013504
855	0.000134146
856	0.000133243
857	0.000132363
858	0.000131473
859	0.000130599
860	0.000129722
861	0.00012886
862	0.000127986
863	0.000127132
864	0.00012627
865	0.000125423
866	0.000124571
867	0.000123734
868	0.000122889
869	0.000122059
870	0.000121219
871	0.000120395
872	0.000119569
873	0.000118755
874	0.000117937
875	0.000117133
876	0.000116324
877	0.000115531
878	0.00011473
879	0.000113943
880	0.00011315
881	0.000112371
882	0.000111584
883	0.000110815
884	0.000110041
885	0.000109279
886	0.000108543
887	0.000107837
888	0.000107122
889	0.000106419
890	0.000105714
891	0.000105018
892	0.000104314
893	0.000103626
894	0.000102929
895	0.000102243
896	0.000101552
897	0.000100873
898	0.000100189
899	9.95152e-05
900	9.88363e-05
901	9.81671e-05
902	9.74932e-05
903	9.68283e-05
904	9.61632e-05
905	9.55032e-05
906	9.48422e-05
907	9.41898e-05
908	9.35355e-05
909	9.28859e-05
910	9.22377e-05
911	9.15958e-05
912	9.09472e-05
913	9.03148e-05
914	8.96721e-05
915	8.90426e-05
916	8.841e-05
917	8.77858e-05
918	8.71583e-05
919	8.65431e-05
920	8.59239e-05
921	8.53086e-05
922	8.46927e-05
923	8.40848e-05
924	8.34736e-05
925	8.28737e-05
926	8.227e-05
927	8.16759e-05
928	8.10768e-05
929	8.04897e-05
930	7.9899e-05
931	7.93189e-05
932	7.87364e-05
933	7.81592e-05
934	7.75834e-05
935	7.70159e-05
936	7.64456e-05
937	7.58822e-05
938	7.53204e-05
939	7.47649e-05
940	7.42079e-05
941	7.36591e-05
942	7.31095e-05
943	7.2567e-05
944	7.20228e-05
945	7.14881e-05
946	7.09511e-05
947	7.0422e-05
948	6.98914e-05
949	6.93661e-05
950	6.88432e-05
951	6.83266e-05
952	6.78076e-05
953	6.72934e-05
954	6.67845e-05
955	6.62782e-05
956	6.57723e-05
957	6.52702e-05
958	6.4774e-05
959	6.42793e-05
960	6.37926e-05
961	6.33094e-05
962	6.28281e-05
963	6.23506e-05
964	6.18751e-05
965	6.14014e-05
966	6.09314e-05
967	6.04641e-05
968	6.00011e-05
969	5.9538e-05
970	5.90796e-05
971	5.86249e-05
972	5.81703e-05
973	5.77204e-05
974	5.72734e-05
975	5.6829e-05
976	5.63867e-05
977	5.59481e-05
978	5.55099e-05
979	5.50759e-05
980	5.46445e-05
981	5.42136e-05
982	5.37869e-05
983	5.33641e-05
984	5.29435e-05
985	5.25224e-05
986	5.21071e-05
987	5.16937e-05
988	5.12824e-05
989	5.08739e-05
990	5.04676e-05
991	5.00658e-05
992	4.96652e-05
993	4.92651e-05
994	4.88701e-05
995	4.84766e-05
996	4.80864e-05
997	4.76976e-05
998	4.73118e-05
999	4.69277e-05
1000	4.65473e-05
