	1.17394
1	4.6188
2	6.2208
3	6.44733
4	6.38418
5	6.26373
6	5.94698
7	5.51385
8	5.057
9	5.07103
10	5.0603
11	5.00285
12	4.91488
13	4.82747
14	4.72712
15	4.84241
16	5.12756
17	5.34644
18	5.51643
19	5.67711
20	5.85086
21	6.06567
22	6.30958
23	6.50446
24	6.65145
25	6.76685
26	6.86805
27	6.96328
28	7.04997
29	7.12357
30	7.19614
31	7.27674
32	7.33688
33	7.38206
34	7.41565
35	7.43864
36	7.45951
37	7.49083
38	7.51444
39	7.53162
40	7.57181
41	7.67258
42	7.78026
43	7.88203
44	7.97795
45	8.06857
46	8.15806
47	8.26295
48	8.36136
49	8.45383
50	8.54049
51	8.62153
52	8.69715
53	8.76754
54	8.83293
55	8.89353
56	8.94957
57	9.00118
58	9.04862
59	9.09207
60	9.13168
61	9.17372
62	9.22188
63	9.26593
64	9.30604
65	9.34241
66	9.37524
67	9.40453
68	9.43052
69	9.45352
70	9.47377
71	9.49144
72	9.50674
73	9.51974
74	9.53055
75	9.53925
76	9.54781
77	9.55952
78	9.56947
79	9.58222
80	9.61313
81	9.64268
82	9.67099
83	9.6969
84	9.72055
85	9.74219
86	9.76197
87	9.78007
88	9.79659
89	9.81165
90	9.82535
91	9.83777
92	9.84899
93	9.85909
94	9.86814
95	9.87617
96	9.88324
97	9.88939
98	9.89464
99	9.89903
100	9.90255
101	9.90524
102	9.90714
103	9.90828
104	9.90868
105	9.90836
106	9.90735
107	9.90566
108	9.90529
109	9.90562
110	9.90526
111	9.90416
112	9.90226
113	9.89962
114	9.89626
115	9.89223
116	9.88744
117	9.882
118	9.87598
119	9.86943
120	9.86241
121	9.85493
122	9.84701
123	9.83869
124	9.82997
125	9.82084
126	9.81129
127	9.80124
128	9.79069
129	9.77959
130	9.768
131	9.75962
132	9.77859
133	9.7973
134	9.81579
135	9.83411
136	9.85228
137	9.87035
138	9.88832
139	9.90621
140	9.92405
141	9.94183
142	9.95957
143	9.97728
144	9.99497
145	10.0127
146	10.0304
147	10.0481
148	10.0658
149	10.0834
150	10.1011
151	10.1188
152	10.1366
153	10.1546
154	10.1726
155	10.1907
156	10.2086
157	10.2265
158	10.2441
159	10.2616
160	10.2788
161	10.2955
162	10.3173
163	10.3395
164	10.3839
165	10.4279
166	10.471
167	10.5132
168	10.5798
169	10.661
170	10.7417
171	10.8219
172	10.9017
173	10.9811
174	11.0599
175	11.1383
176	11.2161
177	11.2935
178	11.3703
179	11.4466
180	11.5223
181	11.5974
182	11.672
183	11.746
184	11.8194
185	11.8923
186	11.9646
187	12.0364
188	12.1076
189	12.1784
190	12.2504
191	12.3234
192	12.3959
193	12.468
194	12.5395
195	12.6105
196	12.681
197	12.7511
198	12.8206
199	12.8897
200	12.9582
201	13.0263
202	13.0939
203	13.1609
204	13.2276
205	13.2937
206	13.3594
207	13.4247
208	13.4894
209	13.5537
210	13.6175
211	13.6809
212	13.7438
213	13.8063
214	13.8682
215	13.9298
216	13.9909
217	14.0516
218	14.1118
219	14.172
220	14.2318
221	14.2911
222	14.35
223	14.4085
224	14.4666
225	14.5243
226	14.5815
227	14.6384
228	14.6948
229	14.7509
230	14.8065
231	14.8617
232	14.9166
233	14.971
234	15.0251
235	15.0788
236	15.132
237	15.1849
238	15.2374
239	15.2896
240	15.3413
241	15.3927
242	15.4437
243	15.4944
244	15.5446
245	15.5946
246	15.6441
247	15.6933
248	15.7421
249	15.7905
250	15.8386
251	15.8863
252	15.9336
253	15.9806
254	16.0272
255	16.0734
256	16.1192
257	16.1647
258	16.2098
259	16.2546
260	16.2989
261	16.3429
262	16.3866
263	16.4299
264	16.4728
265	16.5154
266	16.5576
267	16.5994
268	16.641
269	16.6821
270	16.723
271	16.7635
272	16.8036
273	16.8434
274	16.8829
275	16.922
276	16.9608
277	16.9992
278	17.0374
279	17.0752
280	17.1127
281	17.1498
282	17.1867
283	17.2232
284	17.2595
285	17.2954
286	17.331
287	17.3663
288	17.4013
289	17.436
290	17.4704
291	17.5045
292	17.5383
293	17.5718
294	17.605
295	17.6379
296	17.6705
297	17.7028
298	17.7348
299	17.7665
300	17.7979
301	17.829
302	17.8598
303	17.8903
304	17.9205
305	17.9504
306	17.98
307	18.0094
308	18.0384
309	18.0672
310	18.0957
311	18.124
312	18.152
313	18.1797
314	18.2072
315	18.2344
316	18.2613
317	18.288
318	18.3144
319	18.3406
320	18.3666
321	18.3923
322	18.4177
323	18.4429
324	18.4678
325	18.4925
326	18.517
327	18.5412
328	18.5652
329	18.589
330	18.6125
331	18.6358
332	18.6589
333	18.6817
334	18.7043
335	18.7267
336	18.7489
337	18.7708
338	18.7926
339	18.8141
340	18.8354
341	18.8565
342	18.8774
343	18.8981
344	18.9186
345	18.9388
346	18.9589
347	18.9787
348	18.9983
349	19.0176
350	19.0367
351	19.0556
352	19.0743
353	19.0928
354	19.1111
355	19.1292
356	19.1471
357	19.1648
358	19.1823
359	19.1996
360	19.2167
361	19.2336
362	19.2502
363	19.2667
364	19.283
365	19.2991
366	19.3149
367	19.3306
368	19.3461
369	19.3613
370	19.3764
371	19.3912
372	19.4058
373	19.4201
374	19.4344
375	19.4485
376	19.4625
377	19.4763
378	19.4898
379	19.5031
380	19.5162
381	19.5291
382	19.5418
383	19.5543
384	19.5665
385	19.5786
386	19.5904
387	19.602
388	19.6134
389	19.6245
390	19.6354
391	19.6461
392	19.6565
393	19.6667
394	19.6768
395	19.6866
396	19.6962
397	19.7055
398	19.7147
399	19.7236
400	19.7323
401	19.7409
402	19.7491
403	19.7572
404	19.7651
405	19.7727
406	19.7802
407	19.7874
408	19.7945
409	19.8013
410	19.8079
411	19.8143
412	19.8205
413	19.8265
414	19.8324
415	19.838
416	19.8434
417	19.8486
418	19.8537
419	19.8585
420	19.8631
421	19.8675
422	19.8717
423	19.8758
424	19.8796
425	19.8832
426	19.8867
427	19.8899
428	19.8929
429	19.8958
430	19.8984
431	19.9008
432	19.9031
433	19.9052
434	19.9071
435	19.9088
436	19.9103
437	19.9116
438	19.9127
439	19.9137
440	19.9144
441	19.915
442	19.9154
443	19.9156
444	19.9157
445	19.9155
446	19.9152
447	19.9146
448	19.9139
449	19.9131
450	19.912
451	19.9108
452	19.9093
453	19.9077
454	19.9059
455	19.904
456	19.9018
457	19.8995
458	19.897
459	19.8944
460	19.8916
461	19.8885
462	19.8854
463	19.882
464	19.8785
465	19.8748
466	19.8709
467	19.8669
468	19.8627
469	19.8584
470	19.8538
471	19.8492
472	19.8443
473	19.8393
474	19.8341
475	19.8289
476	19.8235
477	19.8179
478	19.8122
479	19.8063
480	19.8002
481	19.7941
482	19.7877
483	19.7812
484	19.7746
485	19.7678
486	19.7608
487	19.7537
488	19.7465
489	19.7391
490	19.7316
491	19.7239
492	19.7161
493	19.7081
494	19.7
495	19.6918
496	19.6834
497	19.6748
498	19.6661
499	19.6573
500	19.6484
501	19.6393
502	19.6301
503	19.6207
504	19.6113
505	19.6017
506	19.5919
507	19.5821
508	19.5721
509	19.562
510	19.5518
511	19.5415
512	19.5311
513	19.5205
514	19.5098
515	19.4991
516	19.4882
517	19.4772
518	19.4661
519	19.4549
520	19.4436
521	19.4321
522	19.4206
523	19.409
524	19.3973
525	19.3855
526	19.3736
527	19.3616
528	19.3495
529	19.3374
530	19.3251
531	19.3127
532	19.3003
533	19.2878
534	19.2752
535	19.2625
536	19.2497
537	19.2368
538	19.2239
539	19.2109
540	19.1978
541	19.1847
542	19.1715
543	19.1582
544	19.1448
545	19.1314
546	19.1179
547	19.1044
548	19.0908
549	19.0772
550	19.0635
551	19.0497
552	19.0359
553	19.022
554	19.0081
555	18.9941
556	18.9801
557	18.9661
558	18.952
559	18.9378
560	18.9237
561	18.9094
562	18.8952
563	18.8809
564	18.8666
565	18.8522
566	18.8378
567	18.8234
568	18.809
569	18.7945
570	18.78
571	18.7655
572	18.751
573	18.7364
574	18.7219
575	18.7073
576	18.6927
577	18.6781
578	18.6634
579	18.6488
580	18.6341
581	18.6195
582	18.6048
583	18.5901
584	18.5755
585	18.5608
586	18.5461
587	18.5314
588	18.5167
589	18.5021
590	18.4874
591	18.4727
592	18.4581
593	18.4434
594	18.4288
595	18.4142
596	18.3995
597	18.3849
598	18.3704
599	18.3558
600	18.3413
601	18.3268
602	18.3123
603	18.2979
604	18.2835
605	18.2691
606	18.2547
607	18.2404
608	18.226
609	18.2117
610	18.1975
611	18.1833
612	18.1691
613	18.1549
614	18.1408
615	18.1267
616	18.1126
617	18.0986
618	18.0846
619	18.0706
620	18.0567
621	18.0428
622	18.0289
623	18.015
624	18.0012
625	17.9874
626	17.9736
627	17.9599
628	17.9463
629	17.9327
630	17.9191
631	17.9056
632	17.8922
633	17.8788
634	17.8655
635	17.8523
636	17.8391
637	17.826
638	17.8129
639	17.7999
640	17.7869
641	17.774
642	17.7612
643	17.7484
644	17.7357
645	17.7231
646	17.7105
647	17.698
648	17.6855
649	17.6732
650	17.6608
651	17.6486
652	17.6364
653	17.6243
654	17.6122
655	17.6002
656	17.5883
657	17.5764
658	17.5646
659	17.5529
660	17.5413
661	17.5297
662	17.5182
663	17.5068
664	17.4954
665	17.4841
666	17.4729
667	17.4617
668	17.4506
669	17.4396
670	17.4287
671	17.4178
672	17.407
673	17.3963
674	17.3857
675	17.3751
676	17.3646
677	17.3542
678	17.3438
679	17.3335
680	17.3233
681	17.3132
682	17.3031
683	17.2932
684	17.2832
685	17.2734
686	17.2636
687	17.2539
688	17.2443
689	17.2347
690	17.2252
691	17.2158
692	17.2065
693	17.1972
694	17.188
695	17.1789
696	17.1699
697	17.1609
698	17.152
699	17.1432
700	17.1345
701	17.1258
702	17.1172
703	17.1087
704	17.1002
705	17.0919
706	17.0836
707	17.0753
708	17.0672
709	17.0591
710	17.0511
711	17.0432
712	17.0353
713	17.0275
714	17.0198
715	17.0121
716	17.0046
717	16.997
718	16.9896
719	16.9822
720	16.9749
721	16.9677
722	16.9605
723	16.9534
724	16.9464
725	16.9394
726	16.9325
727	16.9257
728	16.919
729	16.9123
730	16.9057
731	16.8991
732	16.8926
733	16.8862
734	16.8798
735	16.8735
736	16.8673
737	16.8611
738	16.855
739	16.8489
740	16.843
741	16.837
742	16.8312
743	16.8254
744	16.8197
745	16.814
746	16.8084
747	16.8028
748	16.7973
749	16.7919
750	16.7865
751	16.7812
752	16.7759
753	16.7707
754	16.7656
755	16.7605
756	16.7554
757	16.7504
758	16.7455
759	16.7407
760	16.7358
761	16.7311
762	16.7264
763	16.7217
764	16.7171
765	16.7126
766	16.7081
767	16.7036
768	16.6992
769	16.6949
770	16.6906
771	16.6863
772	16.6821
773	16.678
774	16.6739
775	16.6698
776	16.6658
777	16.6618
778	16.6579
779	16.654
780	16.6502
781	16.6464
782	16.6427
783	16.639
784	16.6354
785	16.6318
786	16.6282
787	16.6247
788	16.6213
789	16.6179
790	16.6146
791	16.6114
792	16.6081
793	16.6049
794	16.6018
795	16.5987
796	16.5956
797	16.5926
798	16.5896
799	16.5866
800	16.5837
801	16.5808
802	16.578
803	16.5752
804	16.5724
805	16.5697
806	16.567
807	16.5643
808	16.5617
809	16.5591
810	16.5565
811	16.554
812	16.5515
813	16.5491
814	16.5466
815	16.5442
816	16.5419
817	16.5395
818	16.5372
819	16.5349
820	16.5327
821	16.5305
822	16.5283
823	16.5261
824	16.524
825	16.5219
826	16.5199
827	16.5178
828	16.5158
829	16.5138
830	16.5119
831	16.5099
832	16.508
833	16.5061
834	16.5043
835	16.5025
836	16.5007
837	16.4989
838	16.4971
839	16.4954
840	16.4937
841	16.492
842	16.4903
843	16.4887
844	16.4871
845	16.4855
846	16.4839
847	16.4824
848	16.4809
849	16.4794
850	16.4779
851	16.4764
852	16.475
853	16.4736
854	16.4722
855	16.4708
856	16.4695
857	16.4681
858	16.4668
859	16.4655
860	16.4643
861	16.463
862	16.4618
863	16.4606
864	16.4593
865	16.4582
866	16.457
867	16.4559
868	16.4547
869	16.4536
870	16.4525
871	16.4514
872	16.4504
873	16.4493
874	16.4483
875	16.4472
876	16.4462
877	16.4452
878	16.4443
879	16.4433
880	16.4424
881	16.4414
882	16.4405
883	16.4396
884	16.4387
885	16.4378
886	16.437
887	16.4361
888	16.4353
889	16.4344
890	16.4336
891	16.4328
892	16.432
893	16.4312
894	16.4304
895	16.4296
896	16.4289
897	16.4281
898	16.4274
899	16.4266
900	16.4259
901	16.4252
902	16.4245
903	16.4238
904	16.4231
905	16.4224
906	16.4218
907	16.4211
908	16.4205
909	16.4198
910	16.4192
911	16.4186
912	16.418
913	16.4174
914	16.4168
915	16.4162
916	16.4156
917	16.415
918	16.4145
919	16.4139
920	16.4134
921	16.4129
922	16.4123
923	16.4118
924	16.4113
925	16.4108
926	16.4103
927	16.4098
928	16.4093
929	16.4089
930	16.4084
931	16.4079
932	16.4075
933	16.407
934	16.4066
935	16.4061
936	16.4057
937	16.4053
938	16.4048
939	16.4044
940	16.404
941	16.4036
942	16.4032
943	16.4028
944	16.4024
945	16.402
946	16.4016
947	16.4012
948	16.4009
949	16.4005
950	16.4001
951	16.3997
952	16.3994
953	16.399
954	16.3987
955	16.3983
956	16.398
957	16.3977
958	16.3973
959	16.397
960	16.3967
961	16.3963
962	16.396
963	16.3957
964	16.3954
965	16.3951
966	16.3948
967	16.3945
968	16.3942
969	16.3939
970	16.3936
971	16.3934
972	16.3931
973	16.3928
974	16.3926
975	16.3923
976	16.392
977	16.3918
978	16.3915
979	16.3912
980	16.391
981	16.3907
982	16.3905
983	16.3903
984	16.39
985	16.3898
986	16.3895
987	16.3893
988	16.3891
989	16.3889
990	16.3886
991	16.3884
992	16.3882
993	16.388
994	16.3877
995	16.3875
996	16.3873
997	16.3871
998	16.3869
999	16.3867
1000	16.3865
