1	1
2	0.0321349
3	0.00946642
4	0.0242126
5	0.181762
6	0.0243719
7	0.0364087
8	0.0907421
9	0.0281151
10	0.0433544
11	0.0853727
12	0.0384477
13	0.0741692
14	0.0732171
15	0.0436281
16	0.0922631
17	0.0965893
18	0.0683156
19	0.260141
20	0.0828685
21	0.0711434
22	0.179794
23	0.162156
24	0.164185
25	0.247873
26	0.101335
27	0.104243
28	0.197982
29	0.472115
30	0.334445
31	0.145667
32	0.10552
33	0.11076
34	0.142394
35	0.162315
36	0.132906
37	0.101167
38	0.0883826
39	0.0881506
40	0.0913565
41	0.088024
42	0.0781895
43	0.0691137
44	0.0634953
45	0.0607375
46	0.0582814
47	0.0536913
48	0.0483374
49	0.0449399
50	0.0424306
51	0.0394448
52	0.0365585
53	0.0337775
54	0.0306937
55	0.0278437
56	0.0262458
57	0.0251074
58	0.0232805
59	0.0208535
60	0.0191462
61	0.0177816
62	0.0162644
63	0.0147915
64	0.0140878
65	0.0134275
66	0.0123762
67	0.0111999
68	0.0105376
69	0.0100852
70	0.00952552
71	0.00891389
72	0.00856853
73	0.0083595
74	0.00805205
75	0.00766552
76	0.00735556
77	0.00721885
78	0.00710823
79	0.00695668
80	0.00679023
81	0.00668307
82	0.00662372
83	0.00654632
84	0.00646306
85	0.00637921
86	0.00631807
87	0.00626689
88	0.00622982
89	0.00619776
90	0.00614579
91	0.00611032
92	0.00608677
93	0.0060636
94	0.00604101
95	0.00601655
96	0.00599086
97	0.00597377
98	0.00595668
99	0.00594014
100	0.00592315
101	0.00591267
102	0.00590007
103	0.00588234
104	0.00586172
105	0.00583051
106	0.00579964
107	0.00577136
108	0.00575421
109	0.00574627
110	0.00573408
111	0.0057237
112	0.00570786
113	0.0056913
114	0.00567433
115	0.00566031
116	0.00564766
117	0.00563411
118	0.0056221
119	0.00560538
120	0.00558644
121	0.0055633
122	0.00554683
123	0.0055326
124	0.00551938
125	0.00550918
126	0.00549805
127	0.00548995
128	0.00548099
129	0.00546999
130	0.00545796
131	0.00544138
132	0.00542606
133	0.00541646
134	0.00541093
135	0.00541021
136	0.00540301
137	0.00539876
138	0.00539162
139	0.00538983
140	0.00539017
141	0.00539035
142	0.00538925
143	0.00538463
144	0.00537938
145	0.0053744
146	0.00537223
147	0.00537292
148	0.00537622
149	0.00537519
150	0.00537645
151	0.00538196
152	0.00539322
153	0.00539811
154	0.00540345
155	0.00540619
156	0.00541326
157	0.00542158
158	0.00542691
159	0.00543583
160	0.00544373
161	0.0054546
162	0.00546676
163	0.00548202
164	0.00549784
165	0.00551327
166	0.00552615
167	0.00554345
168	0.00556513
169	0.00558496
170	0.00560238
171	0.00561135
172	0.00561568
173	0.00562097
174	0.00562679
175	0.00563135
176	0.00563983
177	0.00564496
178	0.00564962
179	0.00565351
180	0.00565704
181	0.00566059
182	0.00566555
183	0.00567289
184	0.00568221
185	0.00569141
186	0.00570139
187	0.0057086
188	0.00571522
189	0.00572194
190	0.00572996
191	0.00573842
192	0.00574174
193	0.00574805
194	0.00575991
195	0.00577023
196	0.00577856
197	0.00578832
198	0.0057928
199	0.00579887
200	0.00580453
201	0.00581377
202	0.00582102
203	0.00582877
204	0.00584211
205	0.00585177
206	0.0058594
207	0.00586498
208	0.00587191
209	0.00588001
210	0.00588795
211	0.0058973
212	0.00590724
213	0.00591813
214	0.00593091
215	0.00594527
216	0.00595233
217	0.00596474
218	0.00598201
219	0.00599936
220	0.00601711
221	0.00603276
222	0.00604923
223	0.0060646
224	0.00608161
225	0.00610069
226	0.00612357
227	0.00614855
228	0.00617123
229	0.00619481
230	0.00621988
231	0.00624278
232	0.00626796
233	0.00629612
234	0.0063256
235	0.00635216
236	0.00637644
237	0.00640364
238	0.00643134
239	0.00645421
240	0.00648159
241	0.0065117
242	0.00654083
243	0.00657189
244	0.0066091
245	0.00664271
246	0.00667624
247	0.00670611
248	0.0067384
249	0.00677345
250	0.00680975
251	0.0068511
252	0.0068934
253	0.00693325
254	0.00697307
255	0.00701402
256	0.00705998
257	0.00710641
258	0.00715184
259	0.00719777
260	0.00724543
261	0.007292
262	0.00733502
263	0.00737718
264	0.00742458
265	0.00747948
266	0.00754199
267	0.00760201
268	0.00766259
269	0.00772138
270	0.00777903
271	0.00783794
272	0.00789548
273	0.00795283
274	0.00801411
275	0.00807674
276	0.00814491
277	0.0082155
278	0.00829035
279	0.00836329
280	0.00843969
281	0.00851753
282	0.00859696
283	0.00867831
284	0.00876196
285	0.00885041
286	0.00894257
287	0.00903154
288	0.00912667
289	0.00922277
290	0.00932721
291	0.00943868
292	0.00954504
293	0.00966402
294	0.00978032
295	0.00980264
296	0.00971134
297	0.00955131
298	0.00934356
299	0.00910866
300	0.00887568
301	0.00865567
302	0.00844371
303	0.00824071
304	0.00805025
305	0.00786633
306	0.00769198
307	0.00752422
308	0.00736598
309	0.00721684
310	0.00707419
311	0.0069371
312	0.00680418
313	0.00667539
314	0.0065471
315	0.00642252
316	0.00630118
317	0.00618732
318	0.00607843
319	0.00596995
320	0.00586655
321	0.00576414
322	0.00566276
323	0.00556941
324	0.00547516
325	0.00538617
326	0.00530226
327	0.00521514
328	0.00513243
329	0.00505488
330	0.00497639
331	0.00490299
332	0.00482852
333	0.00475777
334	0.00468505
335	0.00461948
336	0.00455622
337	0.0044908
338	0.00442872
339	0.00436891
340	0.00431014
341	0.00425385
342	0.00419627
343	0.00414086
344	0.00408677
345	0.00403621
346	0.00398515
347	0.00393861
348	0.0038902
349	0.00383935
350	0.00379044
351	0.00374369
352	0.00369769
353	0.00365308
354	0.0036084
355	0.00356895
356	0.00352777
357	0.00348525
358	0.00344803
359	0.00340963
360	0.00336981
361	0.00333038
362	0.00329156
363	0.00325398
364	0.00321956
365	0.00318474
366	0.00314874
367	0.00310909
368	0.00307078
369	0.003035
370	0.00299877
371	0.00296506
372	0.00293255
373	0.00289851
374	0.0028654
375	0.00283271
376	0.00280106
377	0.00276809
378	0.00273734
379	0.00270805
380	0.00267629
381	0.00264541
382	0.00261539
383	0.00258749
384	0.00255971
385	0.00253122
386	0.00250296
387	0.00247688
388	0.00244974
389	0.00242477
390	0.00239884
391	0.00237309
392	0.00234731
393	0.00232167
394	0.00229677
395	0.00227222
396	0.00225103
397	0.00222855
398	0.00220681
399	0.00218177
400	0.00216048
401	0.0021372
402	0.00211549
403	0.0020933
404	0.0020722
405	0.0020503
406	0.00202927
407	0.00201043
408	0.00199231
409	0.00197332
410	0.00195661
411	0.00194078
412	0.00192332
413	0.00190433
414	0.00188434
415	0.00186586
416	0.00184703
417	0.00183227
418	0.00181595
419	0.0017991
420	0.00178163
421	0.00176648
422	0.00175147
423	0.00173641
424	0.00172134
425	0.00170627
426	0.00168883
427	0.00167397
428	0.00165836
429	0.0016422
430	0.00162963
431	0.00161644
432	0.00160285
433	0.0015881
434	0.00157412
435	0.00156095
436	0.00154775
437	0.0015362
438	0.00152175
439	0.00150965
440	0.00149812
441	0.00148638
442	0.00147342
443	0.00146246
444	0.00145026
445	0.00144003
446	0.00143026
447	0.00142009
448	0.00140694
449	0.00139608
450	0.00138541
451	0.00137585
452	0.00136533
453	0.00135576
454	0.00134464
455	0.00133484
456	0.0013265
457	0.00131785
458	0.00130713
459	0.00129886
460	0.00129179
461	0.00128395
462	0.00127605
463	0.00126698
464	0.00125668
465	0.00124819
466	0.00123953
467	0.00123226
468	0.00122418
469	0.00121851
470	0.00121138
471	0.00120475
472	0.0011991
473	0.00119351
474	0.00118728
475	0.00118166
476	0.00117445
477	0.00116769
478	0.0011598
479	0.00115497
480	0.00117023
481	0.0011647
482	0.00114677
483	0.00113759
484	0.0011301
485	0.00112264
486	0.00111633
487	0.0011114
488	0.00110452
489	0.00109869
490	0.00109276
491	0.00108787
492	0.0010821
493	0.00107804
494	0.00107353
495	0.00106687
496	0.00106086
497	0.00105364
498	0.00104834
499	0.00104468
500	0.00104
501	0.00103426
502	0.00102988
503	0.00102483
504	0.00102162
505	0.00101812
506	0.00101427
507	0.00101067
508	0.0010057
509	0.0010003
510	0.000995892
511	0.000991068
512	0.000987468
513	0.000983368
514	0.000979796
515	0.000974741
516	0.000970464
517	0.000967401
518	0.000963357
519	0.000960081
520	0.000954965
521	0.000951129
522	0.000947683
523	0.000943607
524	0.000940272
525	0.00093709
526	0.000934811
527	0.00093169
528	0.000929369
529	0.000926816
530	0.000922935
531	0.000919206
532	0.000916011
533	0.000912576
534	0.000908074
535	0.000904344
536	0.000901647
537	0.000899194
538	0.000896582
539	0.000894238
540	0.0008906
541	0.000888399
542	0.000885238
543	0.000881743
544	0.00087971
545	0.000877508
546	0.000874089
547	0.00087188
548	0.000869329
549	0.000865684
550	0.000862063
551	0.000857324
552	0.000853728
553	0.000849909
554	0.000846811
555	0.00084362
556	0.000841225
557	0.000838885
558	0.000835211
559	0.000832389
560	0.000829548
561	0.000826574
562	0.000824081
563	0.00082204
564	0.000818629
565	0.000814307
566	0.000811869
567	0.00080844
568	0.000804969
569	0.000802105
570	0.000798991
571	0.00079567
572	0.00079237
573	0.000789952
574	0.000787844
575	0.000785488
576	0.000783225
577	0.000780636
578	0.000779106
579	0.00077735
580	0.000774373
581	0.000771901
582	0.000769329
583	0.000765973
584	0.000762904
585	0.000759771
586	0.00075761
587	0.000756182
588	0.000753732
589	0.000750478
590	0.000748413
591	0.0007467
592	0.000743136
593	0.000740285
594	0.000737525
595	0.00073472
596	0.000732535
597	0.000729402
598	0.000727034
599	0.000725286
600	0.000722057
601	0.00072018
602	0.000719138
603	0.000716567
604	0.000713447
605	0.000710905
606	0.000708445
607	0.000706102
608	0.000702629
609	0.000699863
610	0.000696756
611	0.000695759
612	0.000693877
613	0.00069162
614	0.00068911
615	0.000685923
616	0.000684038
617	0.000681861
618	0.000710463
619	0.000707746
620	0.000690834
621	0.000682891
622	0.000676465
623	0.0006702
624	0.000666379
625	0.000664824
626	0.0006629
627	0.000659941
628	0.000657535
629	0.000654271
630	0.000652736
631	0.000650627
632	0.00064772
633	0.000645534
634	0.00064449
635	0.000641826
636	0.00064008
637	0.000638274
638	0.000635864
639	0.000633578
640	0.000630395
641	0.000628227
642	0.000627117
643	0.000623993
644	0.00062152
645	0.000618691
646	0.000616493
647	0.000614245
648	0.000612289
649	0.00060927
650	0.000606681
651	0.000604563
652	0.000601767
653	0.000600262
654	0.000597738
655	0.000596458
656	0.000593529
657	0.000591828
658	0.00058912
659	0.000587537
660	0.000584136
661	0.000583452
662	0.000582537
663	0.000581203
664	0.000578823
665	0.000576859
666	0.000574334
667	0.000571582
668	0.000569144
669	0.000566365
670	0.000564023
671	0.000561533
672	0.000559115
673	0.000557232
674	0.000556582
675	0.000554552
676	0.000552622
677	0.000550468
678	0.000548273
679	0.000546604
680	0.00054488
681	0.000543054
682	0.000541252
683	0.000539237
684	0.000536959
685	0.000533962
686	0.000532379
687	0.000529482
688	0.000526773
689	0.000524082
690	0.00052242
691	0.000519633
692	0.000516853
693	0.00051377
694	0.000512353
695	0.000509566
696	0.000508414
697	0.000506438
698	0.000505733
699	0.000504192
700	0.00050237
701	0.000499755
702	0.000497591
703	0.000495507
704	0.000493207
705	0.000491753
706	0.000490036
707	0.000487564
708	0.000484913
709	0.000482325
710	0.000480106
711	0.000477791
712	0.000475549
713	0.000473684
714	0.000471651
715	0.000470158
716	0.000468202
717	0.000466712
718	0.00046464
719	0.000462419
720	0.000459942
721	0.000457924
722	0.000455065
723	0.000453065
724	0.000451624
725	0.000449734
726	0.000448263
727	0.000446009
728	0.000444698
729	0.000442085
730	0.000440234
731	0.000437478
732	0.000435456
733	0.000432653
734	0.00043101
735	0.000480834
736	0.000479544
737	0.000452143
738	0.000440662
739	0.000435189
740	0.000428398
741	0.000422934
742	0.000420593
743	0.000418655
744	0.000414998
745	0.000411237
746	0.000409242
747	0.000406021
748	0.000403541
749	0.000400735
750	0.000399006
751	0.000395871
752	0.000394256
753	0.000391889
754	0.000389921
755	0.000388762
756	0.000386544
757	0.000384226
758	0.000382939
759	0.00038026
760	0.000378808
761	0.000376004
762	0.00037457
763	0.00037235
764	0.000370106
765	0.000368029
766	0.000366399
767	0.000364814
768	0.000362776
769	0.000361162
770	0.000358434
771	0.000357109
772	0.000355398
773	0.000354323
774	0.000351991
775	0.00034978
776	0.000347891
777	0.000346312
778	0.000344365
779	0.000342608
780	0.000340813
781	0.000339096
782	0.000337497
783	0.000336093
784	0.000333995
785	0.000331471
786	0.000329465
787	0.000327841
788	0.00032585
789	0.000324758
790	0.000323388
791	0.000322375
792	0.000320643
793	0.000318543
794	0.000316418
795	0.000315423
796	0.000313641
797	0.000312014
798	0.000310179
799	0.000309113
800	0.000306358
801	0.000304876
802	0.000302603
803	0.000301293
804	0.000299138
805	0.000296933
806	0.000294682
807	0.000293432
808	0.000291841
809	0.000291595
810	0.00028924
811	0.000287836
812	0.000286256
813	0.000285044
814	0.000282815
815	0.000281828
816	0.000279075
817	0.000277635
818	0.000275261
819	0.000274766
820	0.000272364
821	0.000270409
822	0.000268371
823	0.000267835
824	0.000266052
825	0.000264872
826	0.000263119
827	0.000261894
828	0.000259978
829	0.000259187
830	0.00025636
831	0.000255133
832	0.000253038
833	0.00025208
834	0.000250213
835	0.000248959
836	0.000246363
837	0.000246037
838	0.000244024
839	0.000243539
840	0.000241602
841	0.000239855
842	0.000238078
843	0.000237394
844	0.000235865
845	0.000233908
846	0.000232337
847	0.000231499
848	0.000319235
849	0.000319386
850	0.000278552
851	0.000262705
852	0.000255027
853	0.000245438
854	0.000237721
855	0.000235168
856	0.000232109
857	0.000228607
858	0.000224165
859	0.000220815
860	0.000217095
861	0.000215217
862	0.000212539
863	0.000210904
864	0.000208303
865	0.000207251
866	0.000205641
867	0.000204672
868	0.000202673
869	0.000201475
870	0.000199429
871	0.000198314
872	0.000197027
873	0.00019654
874	0.000194522
875	0.000193331
876	0.000190947
877	0.000189884
878	0.000189077
879	0.000188314
880	0.000186265
881	0.00018534
882	0.000183911
883	0.000183284
884	0.000181585
885	0.000181405
886	0.000179432
887	0.000198124
888	0.000223882
889	0.000241603
890	0.000245328
891	0.000240558
892	0.000232194
893	0.000221263
894	0.000211993
895	0.00020291
896	0.000195743
897	0.000190402
898	0.000186224
899	0.000182833
900	0.000179391
901	0.000177273
902	0.000174626
903	0.000173372
904	0.000170098
905	0.000168975
906	0.000166417
907	0.000164441
908	0.000161964
909	0.000161205
910	0.000159738
911	0.000158398
912	0.000156767
913	0.000155867
914	0.000154211
915	0.000153343
916	0.000151888
917	0.000150848
918	0.000149428
919	0.00015061
920	0.000151855
921	0.000153179
922	0.000151628
923	0.000150015
924	0.000147695
925	0.000146352
926	0.000144563
927	0.000143454
928	0.000141896
929	0.000141849
930	0.00014034
931	0.000139775
932	0.000138112
933	0.000137557
934	0.000135741
935	0.000135568
936	0.000134331
937	0.000134236
938	0.000132884
939	0.000132322
940	0.000130692
941	0.000130049
942	0.000128656
943	0.000128096
944	0.000126828
945	0.000126708
946	0.000125848
947	0.000125365
948	0.000124534
949	0.000124667
950	0.000123029
951	0.000123005
952	0.000121789
953	0.000121428
954	0.000120503
955	0.000119992
956	0.000118837
957	0.000118948
958	0.000117858
959	0.000117326
960	0.000227893
961	0.000231321
962	0.000185857
963	0.000163068
964	0.000151836
965	0.000141022
966	0.00013348
967	0.000130112
968	0.000126167
969	0.000122866
970	0.000118853
971	0.000115914
972	0.000113419
973	0.000112049
974	0.000110333
975	0.000109152
976	0.000106507
977	0.00010609
978	0.000105059
979	0.000104864
980	0.00010375
981	0.000102966
982	0.000101777
983	0.000101432
984	0.000100288
985	0.000100592
986	9.92968e-05
987	9.91581e-05
988	9.83343e-05
989	9.80389e-05
990	9.70593e-05
991	9.72755e-05
992	9.66582e-05
993	9.64469e-05
994	9.5391e-05
995	9.53909e-05
996	9.44455e-05
997	9.47725e-05
998	9.39576e-05
999	9.38701e-05
1000	9.32219e-05
