1	0.0087255
2	0.00854024
3	0.0349729
4	0.0151702
5	0.0105571
6	0.0898408
7	0.012788
8	0.00916035
9	0.0269616
10	0.0118247
11	0.0082856
12	0.0173023
13	0.0104674
14	0.00715108
15	0.0155555
16	0.0100889
17	0.00675999
18	0.0124659
19	0.00885163
20	0.00579079
21	0.0133982
22	0.00915217
23	0.0159391
24	0.0100603
25	0.00718191
26	0.0114426
27	0.0133805
28	0.00969165
29	0.0127141
30	0.0072912
31	0.00499382
32	0.0103635
33	0.0201482
34	0.0124761
35	0.00579826
36	0.00455449
37	0.00332591
38	0.00544162
39	0.00565665
40	0.00350737
41	0.00310765
42	0.00248362
43	0.00252299
44	0.00274272
45	0.00234155
46	0.0020997
47	0.00184375
48	0.00172945
49	0.0018404
50	0.00170036
51	0.00149893
52	0.0014768
53	0.00134997
54	0.00117973
55	0.00130893
56	0.00129875
57	0.00104463
58	0.00106263
59	0.00109243
60	0.0010075
61	0.000884059
62	0.000929788
63	0.000908152
64	0.000812571
65	0.000817086
66	0.000843412
67	0.00081696
68	0.000762656
69	0.000728536
70	0.000723153
71	0.000721933
72	0.000718253
73	0.000708213
74	0.000702709
75	0.000700054
76	0.000697993
77	0.00069132
78	0.000680471
79	0.00067234
80	0.000669512
81	0.000666955
82	0.000664876
83	0.000663228
84	0.000660075
85	0.000655367
86	0.000651346
87	0.000649839
88	0.000648654
89	0.000647079
90	0.000644979
91	0.000643713
92	0.000642715
93	0.000641684
94	0.000640066
95	0.000638267
96	0.000636442
97	0.000634796
98	0.000633201
99	0.000631971
100	0.000630578
101	0.00062906
102	0.000627947
103	0.000627037
104	0.000626221
105	0.000625051
106	0.000623318
107	0.000621298
108	0.000619451
109	0.0006179
110	0.000616431
111	0.00061485
112	0.000613222
113	0.000611871
114	0.000610611
115	0.000609699
116	0.000608633
117	0.000607397
118	0.000605972
119	0.000604688
120	0.000603327
121	0.000602347
122	0.000601874
123	0.000601577
124	0.000601163
125	0.000600746
126	0.000600517
127	0.000600439
128	0.000600544
129	0.000600362
130	0.000599985
131	0.000599217
132	0.000598524
133	0.000597712
134	0.000597064
135	0.000596411
136	0.000595471
137	0.000594441
138	0.000593583
139	0.000593094
140	0.000592547
141	0.000591959
142	0.000591325
143	0.000590909
144	0.000590591
145	0.000590358
146	0.000590112
147	0.000589732
148	0.00058965
149	0.000589644
150	0.000589781
151	0.000590081
152	0.000590884
153	0.000591433
154	0.000591801
155	0.000591928
156	0.000592319
157	0.00059265
158	0.000593224
159	0.000594282
160	0.000595294
161	0.000596334
162	0.000597499
163	0.000598536
164	0.000599759
165	0.000601282
166	0.000602754
167	0.000604373
168	0.000605676
169	0.000606716
170	0.000607616
171	0.000608479
172	0.00060954
173	0.00061055
174	0.000611194
175	0.000611691
176	0.000612239
177	0.000612684
178	0.000613071
179	0.000613507
180	0.000613987
181	0.0006146
182	0.000615448
183	0.000616169
184	0.000616783
185	0.000617457
186	0.000618179
187	0.000619104
188	0.000619994
189	0.000620859
190	0.000621806
191	0.000622794
192	0.000623979
193	0.000625379
194	0.000626931
195	0.000628213
196	0.000629647
197	0.000631103
198	0.000632498
199	0.000633653
200	0.000634592
201	0.000635378
202	0.000636294
203	0.000637499
204	0.000639276
205	0.000640989
206	0.000642418
207	0.000643757
208	0.000645301
209	0.000646858
210	0.000648322
211	0.000649707
212	0.000651175
213	0.000652983
214	0.000655038
215	0.000657217
216	0.000659603
217	0.000661965
218	0.000664051
219	0.000666159
220	0.000668638
221	0.000671095
222	0.000673626
223	0.00067577
224	0.000678234
225	0.00068086
226	0.000684045
227	0.000687326
228	0.000690592
229	0.000693642
230	0.00069686
231	0.000699843
232	0.000702857
233	0.000705911
234	0.000709286
235	0.000712524
236	0.000715739
237	0.00071907
238	0.000722507
239	0.000726017
240	0.000729608
241	0.000733305
242	0.00073731
243	0.000741552
244	0.000745747
245	0.00074999
246	0.000754266
247	0.000758729
248	0.000762956
249	0.000767373
250	0.000771504
251	0.000775723
252	0.000780071
253	0.000784602
254	0.000789264
255	0.000794145
256	0.00079928
257	0.000804517
258	0.000809815
259	0.000815396
260	0.000821147
261	0.000827099
262	0.000833244
263	0.000839605
264	0.000846234
265	0.000852888
266	0.000859739
267	0.000866715
268	0.00087391
269	0.000881245
270	0.00088888
271	0.0008967
272	0.000904783
273	0.000913211
274	0.000921534
275	0.000929997
276	0.00093879
277	0.000947862
278	0.000957308
279	0.000966516
280	0.000975688
281	0.000985561
282	0.000995801
283	0.00100941
284	0.00102074
285	0.00103234
286	0.00104373
287	0.00105534
288	0.00106729
289	0.00107973
290	0.00109288
291	0.00110294
292	0.00110037
293	0.00108701
294	0.00106701
295	0.0010421
296	0.00101522
297	0.000989305
298	0.000964713
299	0.000941208
300	0.000918752
301	0.000896877
302	0.000875931
303	0.000855915
304	0.000836817
305	0.000818563
306	0.000800674
307	0.000783292
308	0.000766759
309	0.000750911
310	0.000735692
311	0.000720661
312	0.000706126
313	0.000692427
314	0.000679093
315	0.00066634
316	0.000653757
317	0.000641674
318	0.000628265
319	0.000616643
320	0.000605546
321	0.000594538
322	0.000584073
323	0.000573925
324	0.000564035
325	0.000554361
326	0.000544922
327	0.000535745
328	0.00052693
329	0.000518344
330	0.000509862
331	0.00050149
332	0.000493404
333	0.000485496
334	0.000477663
335	0.00047025
336	0.000462998
337	0.000455523
338	0.000448403
339	0.000441473
340	0.000434885
341	0.000429519
342	0.000422981
343	0.000416451
344	0.000410164
345	0.000403992
346	0.000398175
347	0.000392201
348	0.000386593
349	0.000380716
350	0.000374279
351	0.000368831
352	0.000363674
353	0.000358395
354	0.00035334
355	0.00034848
356	0.000343452
357	0.00033839
358	0.000333688
359	0.000328943
360	0.00032438
361	0.000319896
362	0.000315543
363	0.000311115
364	0.000306863
365	0.000302705
366	0.000298472
367	0.00029417
368	0.000289907
369	0.000285804
370	0.000281693
371	0.000277703
372	0.000273802
373	0.000269919
374	0.000266207
375	0.000262742
376	0.00025919
377	0.000255675
378	0.000252298
379	0.000248708
380	0.00024533
381	0.000241897
382	0.000238666
383	0.000235515
384	0.000232292
385	0.000229125
386	0.000226122
387	0.000223094
388	0.000220125
389	0.00021706
390	0.000214224
391	0.000211256
392	0.000208298
393	0.000205321
394	0.000202526
395	0.000199735
396	0.00019718
397	0.000194383
398	0.000191844
399	0.000189171
400	0.000186521
401	0.000184076
402	0.000181708
403	0.000179133
404	0.000176732
405	0.000174403
406	0.000172046
407	0.000169684
408	0.000167292
409	0.000165035
410	0.000163058
411	0.000160993
412	0.000158751
413	0.00015636
414	0.000154117
415	0.000151815
416	0.000149624
417	0.000148021
418	0.000146073
419	0.000143939
420	0.000141916
421	0.000139944
422	0.000138003
423	0.000136185
424	0.000134289
425	0.000132368
426	0.000130493
427	0.000128662
428	0.000126886
429	0.000125045
430	0.000123385
431	0.000121769
432	0.000120117
433	0.000118543
434	0.000116981
435	0.000115353
436	0.000113759
437	0.000112286
438	0.00011072
439	0.00010914
440	0.000107805
441	0.00010639
442	0.000104922
443	0.00010366
444	0.000102389
445	0.000101085
446	9.97888e-05
447	9.85155e-05
448	9.73227e-05
449	9.61195e-05
450	9.49132e-05
451	9.3706e-05
452	9.24892e-05
453	9.14887e-05
454	9.03667e-05
455	8.93146e-05
456	8.84237e-05
457	8.74359e-05
458	8.63908e-05
459	8.54906e-05
460	8.46534e-05
461	8.37104e-05
462	8.28067e-05
463	8.18397e-05
464	8.09202e-05
465	8.00584e-05
466	7.92204e-05
467	7.84e-05
468	7.75705e-05
469	7.69189e-05
470	7.61141e-05
471	7.53944e-05
472	7.47173e-05
473	7.40666e-05
474	7.33773e-05
475	7.27589e-05
476	7.20628e-05
477	7.14099e-05
478	7.0635e-05
479	6.99532e-05
480	7.00041e-05
481	6.93439e-05
482	6.83083e-05
483	6.79273e-05
484	6.73504e-05
485	6.65321e-05
486	6.59192e-05
487	6.53964e-05
488	6.49601e-05
489	6.44774e-05
490	6.39562e-05
491	6.3472e-05
492	6.2945e-05
493	6.25728e-05
494	6.21916e-05
495	6.17985e-05
496	6.12946e-05
497	6.08246e-05
498	6.03702e-05
499	6.00512e-05
500	5.96226e-05
501	5.92226e-05
502	5.88078e-05
503	5.84221e-05
504	5.81143e-05
505	5.78524e-05
506	5.75359e-05
507	5.72424e-05
508	5.68773e-05
509	5.64859e-05
510	5.61181e-05
511	5.58424e-05
512	5.55229e-05
513	5.5263e-05
514	5.50037e-05
515	5.48033e-05
516	5.46177e-05
517	5.44219e-05
518	5.41898e-05
519	5.38834e-05
520	5.35893e-05
521	5.33963e-05
522	5.31216e-05
523	5.29017e-05
524	5.26602e-05
525	5.2448e-05
526	5.22727e-05
527	5.21299e-05
528	5.20247e-05
529	5.18642e-05
530	5.16202e-05
531	5.13955e-05
532	5.11495e-05
533	5.09799e-05
534	5.07379e-05
535	5.05551e-05
536	5.03685e-05
537	5.02734e-05
538	5.00917e-05
539	4.99575e-05
540	4.97608e-05
541	4.96045e-05
542	4.94095e-05
543	4.93271e-05
544	4.91699e-05
545	4.90542e-05
546	4.88737e-05
547	4.87956e-05
548	4.85948e-05
549	4.84625e-05
550	4.82451e-05
551	4.80599e-05
552	4.7854e-05
553	4.77444e-05
554	4.74986e-05
555	4.73751e-05
556	4.71535e-05
557	4.70396e-05
558	4.68858e-05
559	4.67984e-05
560	4.66557e-05
561	4.66081e-05
562	4.64529e-05
563	4.63465e-05
564	4.6147e-05
565	4.60416e-05
566	4.58915e-05
567	4.57875e-05
568	4.55948e-05
569	4.54809e-05
570	4.53509e-05
571	4.52471e-05
572	4.50836e-05
573	4.49928e-05
574	4.48355e-05
575	4.47634e-05
576	4.46425e-05
577	4.45305e-05
578	4.44077e-05
579	4.42599e-05
580	4.41143e-05
581	4.39747e-05
582	4.38757e-05
583	4.37434e-05
584	4.3645e-05
585	4.35333e-05
586	4.34358e-05
587	4.33945e-05
588	4.32608e-05
589	4.3185e-05
590	4.30412e-05
591	4.29701e-05
592	4.28404e-05
593	4.27239e-05
594	4.2547e-05
595	4.24655e-05
596	4.23425e-05
597	4.22989e-05
598	4.21628e-05
599	4.21381e-05
600	4.19872e-05
601	4.19369e-05
602	4.18375e-05
603	4.17741e-05
604	4.16472e-05
605	4.15368e-05
606	4.14122e-05
607	4.13337e-05
608	4.12149e-05
609	4.1169e-05
610	4.09923e-05
611	4.09793e-05
612	4.0877e-05
613	4.08188e-05
614	4.06914e-05
615	4.06672e-05
616	4.05358e-05
617	4.04873e-05
618	3.95819e-05
619	3.96579e-05
620	4.02569e-05
621	4.10848e-05
622	4.0775e-05
623	3.989e-05
624	3.92941e-05
625	3.93038e-05
626	3.95523e-05
627	3.97566e-05
628	3.96256e-05
629	3.93778e-05
630	3.9181e-05
631	3.91197e-05
632	3.90969e-05
633	3.9127e-05
634	3.9021e-05
635	3.89368e-05
636	3.88691e-05
637	3.88024e-05
638	3.87445e-05
639	3.87021e-05
640	3.85868e-05
641	3.85164e-05
642	3.84553e-05
643	3.84072e-05
644	3.82983e-05
645	3.82232e-05
646	3.81234e-05
647	3.80764e-05
648	3.79645e-05
649	3.79349e-05
650	3.7811e-05
651	3.77378e-05
652	3.76366e-05
653	3.7592e-05
654	3.7494e-05
655	3.74457e-05
656	3.73156e-05
657	3.72978e-05
658	3.72178e-05
659	3.71722e-05
660	3.69811e-05
661	3.70098e-05
662	3.69135e-05
663	3.69644e-05
664	3.681e-05
665	3.67858e-05
666	3.66034e-05
667	3.65916e-05
668	3.64108e-05
669	3.64323e-05
670	3.62327e-05
671	3.62391e-05
672	3.60596e-05
673	3.6087e-05
674	3.59291e-05
675	3.60003e-05
676	3.57817e-05
677	3.58048e-05
678	3.55945e-05
679	3.56326e-05
680	3.54667e-05
681	3.55215e-05
682	3.5315e-05
683	3.53947e-05
684	3.51774e-05
685	3.52149e-05
686	3.49731e-05
687	3.50208e-05
688	3.47486e-05
689	3.51296e-05
690	3.45777e-05
691	3.49531e-05
692	3.46675e-05
693	3.47278e-05
694	3.44474e-05
695	3.45617e-05
696	3.4328e-05
697	3.43984e-05
698	3.4126e-05
699	3.42341e-05
700	3.39654e-05
701	3.40464e-05
702	3.37074e-05
703	3.37776e-05
704	3.34732e-05
705	3.35643e-05
706	3.32666e-05
707	3.3368e-05
708	3.30726e-05
709	3.31929e-05
710	3.28519e-05
711	3.29368e-05
712	3.26302e-05
713	3.27334e-05
714	3.24201e-05
715	3.2565e-05
716	3.21981e-05
717	3.2307e-05
718	3.19976e-05
719	3.21211e-05
720	3.17636e-05
721	3.18501e-05
722	3.15162e-05
723	3.16639e-05
724	3.13189e-05
725	3.14436e-05
726	3.11162e-05
727	3.12356e-05
728	3.09136e-05
729	3.10018e-05
730	3.06604e-05
731	3.07625e-05
732	3.03948e-05
733	3.04868e-05
734	3.01448e-05
735	2.96226e-05
736	2.92822e-05
737	2.9896e-05
738	3.04029e-05
739	3.04201e-05
740	2.93181e-05
741	2.89467e-05
742	2.85192e-05
743	2.89133e-05
744	2.87499e-05
745	2.88687e-05
746	2.8423e-05
747	2.84344e-05
748	2.80432e-05
749	2.81797e-05
750	2.78429e-05
751	2.79501e-05
752	2.76151e-05
753	2.76887e-05
754	2.73409e-05
755	2.74869e-05
756	2.71099e-05
757	2.72717e-05
758	2.69207e-05
759	2.70506e-05
760	2.66564e-05
761	2.67469e-05
762	2.63504e-05
763	2.64883e-05
764	2.60869e-05
765	2.62181e-05
766	2.58284e-05
767	2.59768e-05
768	2.55862e-05
769	2.57265e-05
770	2.53575e-05
771	2.55064e-05
772	2.51315e-05
773	2.52839e-05
774	2.48878e-05
775	2.50276e-05
776	2.46163e-05
777	2.47545e-05
778	2.43636e-05
779	2.4511e-05
780	2.4135e-05
781	2.42754e-05
782	2.39112e-05
783	2.40594e-05
784	2.36516e-05
785	2.37758e-05
786	2.33762e-05
787	2.35695e-05
788	2.31603e-05
789	2.3202e-05
790	2.28188e-05
791	2.29844e-05
792	2.2628e-05
793	2.27852e-05
794	2.23873e-05
795	2.25063e-05
796	2.21289e-05
797	2.2281e-05
798	2.18949e-05
799	2.20421e-05
800	2.16513e-05
801	2.1781e-05
802	2.13847e-05
803	2.15011e-05
804	2.11354e-05
805	2.12543e-05
806	2.09018e-05
807	2.10206e-05
808	2.0681e-05
809	2.08274e-05
810	2.04341e-05
811	2.0516e-05
812	2.01515e-05
813	2.02658e-05
814	1.98883e-05
815	2.03336e-05
816	1.96761e-05
817	2.00751e-05
818	1.97199e-05
819	1.98549e-05
820	1.9476e-05
821	1.95827e-05
822	1.92457e-05
823	1.93688e-05
824	1.90149e-05
825	1.91401e-05
826	1.88058e-05
827	1.89243e-05
828	1.85775e-05
829	1.8682e-05
830	1.83465e-05
831	1.84472e-05
832	1.8066e-05
833	1.82018e-05
834	1.78677e-05
835	1.795e-05
836	1.76316e-05
837	1.77421e-05
838	1.74154e-05
839	1.75367e-05
840	1.7205e-05
841	1.72676e-05
842	1.69579e-05
843	1.70434e-05
844	1.67336e-05
845	1.68795e-05
846	1.6549e-05
847	1.66288e-05
848	1.64272e-05
849	1.62326e-05
850	1.60197e-05
851	1.65347e-05
852	1.63691e-05
853	1.58101e-05
854	1.51927e-05
855	1.52445e-05
856	1.51013e-05
857	1.53204e-05
858	1.50064e-05
859	1.49668e-05
860	1.46322e-05
861	1.47369e-05
862	1.44994e-05
863	1.46175e-05
864	1.43242e-05
865	1.44258e-05
866	1.4177e-05
867	1.42509e-05
868	1.39583e-05
869	1.4035e-05
870	1.37743e-05
871	1.38777e-05
872	1.36021e-05
873	1.37356e-05
874	1.34669e-05
875	1.35592e-05
876	1.32863e-05
877	1.33879e-05
878	1.31315e-05
879	1.32454e-05
880	1.29856e-05
881	1.30877e-05
882	1.28231e-05
883	1.2921e-05
884	1.26313e-05
885	1.28258e-05
886	1.25403e-05
887	1.31759e-05
888	1.35794e-05
889	1.39859e-05
890	1.38088e-05
891	1.37166e-05
892	1.33911e-05
893	1.32576e-05
894	1.29925e-05
895	1.29042e-05
896	1.26044e-05
897	1.25126e-05
898	1.22702e-05
899	1.22611e-05
900	1.20968e-05
901	1.21068e-05
902	1.19306e-05
903	1.20264e-05
904	1.16654e-05
905	1.17138e-05
906	1.15201e-05
907	1.14879e-05
908	1.13113e-05
909	1.13372e-05
910	1.11993e-05
911	1.12348e-05
912	1.1085e-05
913	1.11078e-05
914	1.09362e-05
915	1.09699e-05
916	1.0826e-05
917	1.08476e-05
918	1.06972e-05
919	1.07514e-05
920	1.09918e-05
921	1.10038e-05
922	1.08385e-05
923	1.08534e-05
924	1.06956e-05
925	1.06872e-05
926	1.05166e-05
927	1.05271e-05
928	1.0376e-05
929	1.04877e-05
930	1.03074e-05
931	1.03656e-05
932	1.02092e-05
933	1.02402e-05
934	1.00751e-05
935	1.01009e-05
936	9.94456e-06
937	9.99275e-06
938	9.84382e-06
939	9.87779e-06
940	9.71034e-06
941	9.7199e-06
942	9.56033e-06
943	9.59098e-06
944	9.44019e-06
945	9.47711e-06
946	9.35427e-06
947	9.38304e-06
948	9.26191e-06
949	9.29806e-06
950	9.15288e-06
951	9.18418e-06
952	9.05283e-06
953	9.07311e-06
954	8.96414e-06
955	8.97863e-06
956	8.84325e-06
957	8.86924e-06
958	8.7592e-06
959	8.79277e-06
960	9.2371e-06
961	8.91394e-06
962	8.54046e-06
963	8.87936e-06
964	8.56925e-06
965	8.19789e-06
966	7.82149e-06
967	7.83587e-06
968	7.88043e-06
969	8.01604e-06
970	7.81201e-06
971	7.68574e-06
972	7.54839e-06
973	7.63304e-06
974	7.59856e-06
975	7.73033e-06
976	7.46602e-06
977	7.50491e-06
978	7.41155e-06
979	7.44657e-06
980	7.34617e-06
981	7.3599e-06
982	7.25354e-06
983	7.28929e-06
984	7.18906e-06
985	7.24656e-06
986	7.14103e-06
987	7.17328e-06
988	7.06513e-06
989	7.11332e-06
990	7.02058e-06
991	7.06676e-06
992	6.97581e-06
993	7.00971e-06
994	6.90909e-06
995	6.94568e-06
996	6.84884e-06
997	6.89709e-06
998	6.80094e-06
999	6.83115e-06
1000	6.74776e-06
