1	0.000681169
2	3.20837e-05
3	7.28136e-06
4	2.12218e-05
5	0.000148922
6	1.49578e-05
7	3.46904e-05
8	5.85787e-05
9	2.24149e-05
10	4.12616e-05
11	7.35577e-05
12	2.29658e-05
13	6.6869e-05
14	7.30077e-05
15	4.03771e-05
16	6.48343e-05
17	6.37477e-05
18	4.52904e-05
19	0.000245322
20	5.07219e-05
21	6.66665e-05
22	0.000148759
23	0.000109127
24	0.000111712
25	0.00016715
26	7.58041e-05
27	8.14302e-05
28	0.000178657
29	0.000306132
30	0.00019966
31	0.000106283
32	0.000102244
33	8.0145e-05
34	0.000122865
35	0.00012432
36	0.000131265
37	7.33813e-05
38	6.95586e-05
39	7.12701e-05
40	8.2152e-05
41	7.15276e-05
42	3.9439e-05
43	4.48343e-05
44	5.66853e-05
45	5.38678e-05
46	5.57253e-05
47	5.01821e-05
48	3.24126e-05
49	2.93925e-05
50	2.70905e-05
51	2.28003e-05
52	2.74909e-05
53	2.09787e-05
54	2.06311e-05
55	2.77939e-05
56	2.441e-05
57	1.53626e-05
58	2.10015e-05
59	1.33663e-05
60	1.20173e-05
61	1.14303e-05
62	9.00339e-06
63	8.59205e-06
64	8.41217e-06
65	7.54607e-06
66	6.91811e-06
67	6.48508e-06
68	7.1158e-06
69	6.97608e-06
70	5.95492e-06
71	4.68719e-06
72	4.9504e-06
73	5.60099e-06
74	5.44068e-06
75	4.93433e-06
76	4.55421e-06
77	4.63838e-06
78	4.62969e-06
79	4.25383e-06
80	3.85395e-06
81	4.05502e-06
82	4.18286e-06
83	4.14946e-06
84	4.02855e-06
85	3.90773e-06
86	3.82714e-06
87	3.75283e-06
88	3.67805e-06
89	3.62009e-06
90	3.56888e-06
91	3.52646e-06
92	3.46887e-06
93	3.3936e-06
94	3.31234e-06
95	3.23969e-06
96	3.18423e-06
97	3.14627e-06
98	3.12098e-06
99	3.11505e-06
100	3.13069e-06
101	3.16012e-06
102	3.20039e-06
103	3.25251e-06
104	3.30761e-06
105	3.3528e-06
106	3.38288e-06
107	3.40438e-06
108	3.42502e-06
109	3.45224e-06
110	3.47969e-06
111	3.50407e-06
112	3.51896e-06
113	3.52675e-06
114	3.53245e-06
115	3.53499e-06
116	3.53257e-06
117	3.53018e-06
118	3.52817e-06
119	3.534e-06
120	3.54011e-06
121	3.54459e-06
122	3.5537e-06
123	3.56668e-06
124	3.59529e-06
125	3.63353e-06
126	3.67451e-06
127	3.70628e-06
128	3.73046e-06
129	3.75124e-06
130	3.7739e-06
131	3.79638e-06
132	3.82186e-06
133	3.84644e-06
134	3.8666e-06
135	3.88318e-06
136	3.8973e-06
137	3.91186e-06
138	3.93516e-06
139	3.97439e-06
140	4.01946e-06
141	4.06224e-06
142	4.1075e-06
143	4.15551e-06
144	4.19916e-06
145	4.24006e-06
146	4.27164e-06
147	4.29427e-06
148	4.30034e-06
149	4.30414e-06
150	4.31137e-06
151	4.31893e-06
152	4.3221e-06
153	4.31788e-06
154	4.30916e-06
155	4.29997e-06
156	4.29407e-06
157	4.28945e-06
158	4.2834e-06
159	4.27361e-06
160	4.26282e-06
161	4.25353e-06
162	4.24845e-06
163	4.2434e-06
164	4.24235e-06
165	4.24781e-06
166	4.25461e-06
167	4.27079e-06
168	4.28643e-06
169	4.30394e-06
170	4.32799e-06
171	4.34779e-06
172	4.37432e-06
173	4.39714e-06
174	4.41218e-06
175	4.42453e-06
176	4.43997e-06
177	4.45192e-06
178	4.4642e-06
179	4.46834e-06
180	4.47808e-06
181	4.48404e-06
182	4.48692e-06
183	4.48367e-06
184	4.48295e-06
185	4.48678e-06
186	4.48982e-06
187	4.48335e-06
188	4.48012e-06
189	4.47288e-06
190	4.46313e-06
191	4.45738e-06
192	4.45367e-06
193	4.45475e-06
194	4.45943e-06
195	4.45602e-06
196	4.45939e-06
197	4.46359e-06
198	4.46285e-06
199	4.4665e-06
200	4.46633e-06
201	4.46302e-06
202	4.45474e-06
203	4.44357e-06
204	4.4342e-06
205	4.42807e-06
206	4.41671e-06
207	4.40191e-06
208	4.37988e-06
209	4.35783e-06
210	4.33403e-06
211	4.31174e-06
212	4.29308e-06
213	4.27567e-06
214	4.25932e-06
215	4.24081e-06
216	4.22152e-06
217	4.20366e-06
218	4.19024e-06
219	4.17841e-06
220	4.17104e-06
221	4.15821e-06
222	4.14246e-06
223	4.1235e-06
224	4.10486e-06
225	4.08876e-06
226	4.07491e-06
227	4.05859e-06
228	4.04023e-06
229	4.02061e-06
230	4.00567e-06
231	3.98863e-06
232	3.97495e-06
233	3.95659e-06
234	3.93721e-06
235	3.91809e-06
236	3.90335e-06
237	3.88906e-06
238	3.87698e-06
239	3.8609e-06
240	3.84394e-06
241	3.8273e-06
242	3.81654e-06
243	3.81406e-06
244	3.8129e-06
245	3.81314e-06
246	3.81576e-06
247	3.82028e-06
248	3.82851e-06
249	3.84023e-06
250	3.85294e-06
251	3.86827e-06
252	3.88878e-06
253	3.914e-06
254	3.93943e-06
255	3.96139e-06
256	3.98365e-06
257	4.01239e-06
258	4.04006e-06
259	4.06887e-06
260	4.09551e-06
261	4.12585e-06
262	4.15525e-06
263	4.1947e-06
264	4.22753e-06
265	4.2547e-06
266	4.2798e-06
267	4.30345e-06
268	4.33028e-06
269	4.35669e-06
270	4.38383e-06
271	4.40794e-06
272	4.42967e-06
273	4.44671e-06
274	4.46346e-06
275	4.48178e-06
276	4.50376e-06
277	4.5241e-06
278	4.54154e-06
279	4.55672e-06
280	4.56759e-06
281	4.57511e-06
282	4.5834e-06
283	8.64712e-06
284	8.69244e-06
285	8.74224e-06
286	8.77865e-06
287	8.81511e-06
288	8.85392e-06
289	8.90448e-06
290	8.9712e-06
291	9.04784e-06
292	9.11506e-06
293	9.18714e-06
294	9.27516e-06
295	9.27702e-06
296	9.1691e-06
297	9.00078e-06
298	8.79019e-06
299	8.566e-06
300	8.34859e-06
301	8.14217e-06
302	7.95152e-06
303	7.76991e-06
304	7.59733e-06
305	7.44158e-06
306	7.29423e-06
307	7.15348e-06
308	7.0192e-06
309	6.89386e-06
310	6.79087e-06
311	6.69237e-06
312	6.5954e-06
313	6.50269e-06
314	6.41551e-06
315	6.33176e-06
316	6.24602e-06
317	6.17061e-06
318	3.21811e-06
319	3.17468e-06
320	3.12876e-06
321	3.08475e-06
322	3.03036e-06
323	2.97734e-06
324	2.93389e-06
325	2.89163e-06
326	2.85148e-06
327	2.81221e-06
328	2.77194e-06
329	2.72973e-06
330	2.6871e-06
331	2.64156e-06
332	2.59519e-06
333	2.55257e-06
334	2.50905e-06
335	2.46333e-06
336	2.42035e-06
337	2.37733e-06
338	2.33846e-06
339	2.30248e-06
340	2.27303e-06
341	4.24746e-06
342	4.17009e-06
343	4.09485e-06
344	4.02858e-06
345	3.9706e-06
346	3.92247e-06
347	3.88582e-06
348	3.85256e-06
349	3.8214e-06
350	2.18549e-06
351	2.18277e-06
352	2.17923e-06
353	2.17285e-06
354	2.16473e-06
355	2.15319e-06
356	2.13922e-06
357	2.12675e-06
358	2.11638e-06
359	2.10883e-06
360	2.10215e-06
361	2.09277e-06
362	2.07948e-06
363	2.06862e-06
364	2.05731e-06
365	2.04503e-06
366	2.03291e-06
367	2.01984e-06
368	2.00365e-06
369	1.98797e-06
370	1.97472e-06
371	1.96368e-06
372	1.95062e-06
373	1.93695e-06
374	1.91945e-06
375	1.90182e-06
376	1.88483e-06
377	1.86859e-06
378	1.85212e-06
379	1.83766e-06
380	1.81915e-06
381	1.80228e-06
382	1.78372e-06
383	1.76519e-06
384	1.75071e-06
385	1.73434e-06
386	1.71393e-06
387	1.69395e-06
388	1.67404e-06
389	1.66073e-06
390	1.64262e-06
391	1.62538e-06
392	1.60437e-06
393	1.5867e-06
394	1.56539e-06
395	1.54733e-06
396	1.52729e-06
397	1.5077e-06
398	1.48707e-06
399	1.46844e-06
400	1.44966e-06
401	1.43026e-06
402	1.40895e-06
403	1.38993e-06
404	1.3686e-06
405	1.34912e-06
406	1.32966e-06
407	1.31041e-06
408	1.29041e-06
409	1.27007e-06
410	1.25121e-06
411	1.23253e-06
412	1.21201e-06
413	1.19159e-06
414	1.16998e-06
415	1.15129e-06
416	1.13169e-06
417	1.82228e-06
418	1.79289e-06
419	1.76394e-06
420	1.73113e-06
421	1.70183e-06
422	1.67272e-06
423	1.64465e-06
424	1.61612e-06
425	1.59048e-06
426	1.56193e-06
427	1.53891e-06
428	1.51443e-06
429	1.48871e-06
430	1.46543e-06
431	1.44255e-06
432	1.41808e-06
433	1.39785e-06
434	1.37736e-06
435	1.35934e-06
436	1.34155e-06
437	1.32338e-06
438	1.30565e-06
439	1.28996e-06
440	1.27197e-06
441	1.25742e-06
442	1.24351e-06
443	1.23773e-06
444	1.22588e-06
445	1.21405e-06
446	1.20163e-06
447	1.19355e-06
448	1.18384e-06
449	1.17677e-06
450	1.16873e-06
451	1.16434e-06
452	1.15679e-06
453	1.15061e-06
454	1.14417e-06
455	1.14069e-06
456	1.13582e-06
457	1.13199e-06
458	1.12654e-06
459	1.12244e-06
460	1.11574e-06
461	1.11139e-06
462	1.10488e-06
463	1.10018e-06
464	1.0928e-06
465	1.08764e-06
466	1.08007e-06
467	1.07158e-06
468	1.06279e-06
469	1.05506e-06
470	1.04695e-06
471	1.03692e-06
472	1.02617e-06
473	1.01603e-06
474	1.00617e-06
475	9.95294e-07
476	9.85497e-07
477	9.74518e-07
478	9.61903e-07
479	9.47234e-07
480	9.22949e-07
481	9.18332e-07
482	9.20867e-07
483	9.12882e-07
484	8.92473e-07
485	8.71095e-07
486	8.59694e-07
487	8.53763e-07
488	8.49405e-07
489	8.372e-07
490	8.22037e-07
491	8.07459e-07
492	7.98393e-07
493	7.92363e-07
494	7.85615e-07
495	7.75307e-07
496	7.64907e-07
497	7.53866e-07
498	7.45534e-07
499	7.37703e-07
500	7.30348e-07
501	7.22464e-07
502	7.15518e-07
503	7.0814e-07
504	7.02182e-07
505	6.97188e-07
506	6.91379e-07
507	6.85581e-07
508	6.80643e-07
509	6.76477e-07
510	6.72113e-07
511	6.68645e-07
512	6.66578e-07
513	6.6362e-07
514	6.60571e-07
515	6.58542e-07
516	6.58409e-07
517	6.57982e-07
518	6.56809e-07
519	6.55352e-07
520	6.54421e-07
521	6.54086e-07
522	6.54434e-07
523	6.5469e-07
524	6.5525e-07
525	6.56083e-07
526	6.56703e-07
527	6.58213e-07
528	6.59949e-07
529	6.62221e-07
530	6.63819e-07
531	6.65923e-07
532	6.68031e-07
533	6.69837e-07
534	6.71695e-07
535	6.74076e-07
536	6.75342e-07
537	6.7731e-07
538	6.80596e-07
539	6.83687e-07
540	6.8579e-07
541	6.86737e-07
542	6.87481e-07
543	6.88965e-07
544	6.91049e-07
545	6.92944e-07
546	6.94379e-07
547	6.94226e-07
548	6.9463e-07
549	6.95172e-07
550	6.9597e-07
551	6.96259e-07
552	6.97085e-07
553	6.97394e-07
554	6.97229e-07
555	6.97065e-07
556	6.97387e-07
557	6.97904e-07
558	6.98347e-07
559	6.98496e-07
560	6.99225e-07
561	6.99635e-07
562	7.00356e-07
563	7.00186e-07
564	6.99606e-07
565	6.99426e-07
566	6.9914e-07
567	6.98227e-07
568	6.97897e-07
569	6.97503e-07
570	6.97215e-07
571	6.96452e-07
572	6.95688e-07
573	6.94595e-07
574	6.93902e-07
575	6.92543e-07
576	6.9147e-07
577	6.89736e-07
578	6.89182e-07
579	6.8917e-07
580	6.88591e-07
581	6.87956e-07
582	6.87341e-07
583	6.86338e-07
584	6.85371e-07
585	6.84386e-07
586	6.83056e-07
587	6.81705e-07
588	6.79579e-07
589	6.77897e-07
590	6.75975e-07
591	6.74539e-07
592	6.7298e-07
593	6.71379e-07
594	6.69412e-07
595	6.67206e-07
596	6.6581e-07
597	6.64461e-07
598	6.63055e-07
599	6.613e-07
600	6.59181e-07
601	6.57625e-07
602	6.55917e-07
603	6.54113e-07
604	6.52226e-07
605	6.50328e-07
606	6.48654e-07
607	6.46868e-07
608	6.45538e-07
609	6.44117e-07
610	6.42256e-07
611	6.40061e-07
612	6.38347e-07
613	6.36716e-07
614	6.3491e-07
615	6.33441e-07
616	6.32481e-07
617	6.30601e-07
618	5.16551e-07
619	5.46772e-07
620	6.43323e-07
621	6.92215e-07
622	6.59524e-07
623	5.99465e-07
624	5.77221e-07
625	6.00042e-07
626	6.30371e-07
627	6.35283e-07
628	6.1764e-07
629	5.99726e-07
630	5.98116e-07
631	6.07174e-07
632	6.13444e-07
633	6.10362e-07
634	6.02997e-07
635	5.97956e-07
636	5.98014e-07
637	5.99964e-07
638	5.99497e-07
639	5.9627e-07
640	5.93129e-07
641	5.9108e-07
642	5.90794e-07
643	5.90069e-07
644	5.88694e-07
645	5.86053e-07
646	5.83796e-07
647	5.82253e-07
648	5.81572e-07
649	5.80483e-07
650	5.7892e-07
651	5.76769e-07
652	5.74219e-07
653	5.72655e-07
654	5.71227e-07
655	5.69784e-07
656	5.68608e-07
657	5.6693e-07
658	5.90499e-07
659	5.813e-07
660	5.57404e-07
661	5.4491e-07
662	5.51425e-07
663	5.6295e-07
664	5.65179e-07
665	5.5628e-07
666	5.47623e-07
667	5.44804e-07
668	5.47977e-07
669	5.49458e-07
670	5.47741e-07
671	5.42263e-07
672	5.39441e-07
673	5.37613e-07
674	5.37896e-07
675	5.36833e-07
676	5.35179e-07
677	5.31893e-07
678	5.29896e-07
679	5.28339e-07
680	5.27774e-07
681	5.25446e-07
682	5.23684e-07
683	5.20623e-07
684	5.19054e-07
685	5.1718e-07
686	5.16553e-07
687	5.13903e-07
688	5.12263e-07
689	9.96353e-07
690	5.12393e-07
691	9.93734e-07
692	9.91048e-07
693	9.87257e-07
694	9.85676e-07
695	9.80532e-07
696	9.77744e-07
697	9.75325e-07
698	9.73134e-07
699	9.67862e-07
700	9.65635e-07
701	9.60121e-07
702	9.5732e-07
703	9.53146e-07
704	9.50781e-07
705	9.45819e-07
706	9.42839e-07
707	9.3877e-07
708	9.36029e-07
709	9.31716e-07
710	9.30096e-07
711	9.26647e-07
712	9.25504e-07
713	9.21023e-07
714	9.17308e-07
715	9.12359e-07
716	9.0825e-07
717	9.0241e-07
718	8.99583e-07
719	8.94177e-07
720	8.90013e-07
721	8.83189e-07
722	8.80018e-07
723	8.74784e-07
724	8.71969e-07
725	8.66197e-07
726	8.62941e-07
727	8.57597e-07
728	8.54135e-07
729	8.49509e-07
730	8.46876e-07
731	8.41922e-07
732	8.39236e-07
733	8.32808e-07
734	8.29891e-07
735	6.26029e-07
736	6.7442e-07
737	8.51515e-07
738	9.56203e-07
739	8.91681e-07
740	7.71446e-07
741	7.21639e-07
742	7.59582e-07
743	8.16894e-07
744	8.32088e-07
745	7.96031e-07
746	7.59768e-07
747	7.47966e-07
748	7.6291e-07
749	7.75826e-07
750	7.74353e-07
751	7.57876e-07
752	7.46271e-07
753	7.42181e-07
754	7.45632e-07
755	7.4426e-07
756	7.40274e-07
757	7.31967e-07
758	7.28075e-07
759	7.23053e-07
760	7.20973e-07
761	7.15735e-07
762	7.11315e-07
763	7.05173e-07
764	7.02661e-07
765	6.9935e-07
766	6.96542e-07
767	6.89875e-07
768	6.86077e-07
769	6.80875e-07
770	6.79205e-07
771	6.74821e-07
772	6.72439e-07
773	6.67202e-07
774	6.64239e-07
775	6.592e-07
776	6.56511e-07
777	6.51176e-07
778	6.48621e-07
779	6.44134e-07
780	6.41432e-07
781	6.36247e-07
782	6.34468e-07
783	6.29566e-07
784	6.26689e-07
785	6.21346e-07
786	6.17629e-07
787	6.53052e-07
788	6.37637e-07
789	5.96666e-07
790	5.76687e-07
791	5.83293e-07
792	6.00613e-07
793	6.03569e-07
794	5.91607e-07
795	5.75613e-07
796	5.70157e-07
797	5.71044e-07
798	5.7437e-07
799	5.70162e-07
800	5.63443e-07
801	5.5541e-07
802	5.53422e-07
803	5.5166e-07
804	5.51267e-07
805	5.45973e-07
806	5.41279e-07
807	5.35592e-07
808	5.33391e-07
809	5.30513e-07
810	5.28827e-07
811	5.24545e-07
812	5.22802e-07
813	5.19304e-07
814	5.17587e-07
815	9.96421e-07
816	5.16751e-07
817	9.88403e-07
818	9.84969e-07
819	9.80374e-07
820	9.75963e-07
821	9.67642e-07
822	9.60804e-07
823	9.53506e-07
824	9.49378e-07
825	9.4265e-07
826	9.37206e-07
827	9.30104e-07
828	9.24937e-07
829	9.18803e-07
830	9.14274e-07
831	9.06168e-07
832	8.99491e-07
833	8.93343e-07
834	8.88229e-07
835	8.82318e-07
836	8.78034e-07
837	8.71755e-07
838	8.65367e-07
839	8.59199e-07
840	8.55346e-07
841	8.49362e-07
842	8.44117e-07
843	8.39447e-07
844	8.34521e-07
845	8.23349e-07
846	8.18217e-07
847	8.1534e-07
848	6.87096e-07
849	6.21745e-07
850	8.74853e-07
851	5.55214e-07
852	9.17521e-07
853	7.33677e-07
854	6.65141e-07
855	7.06599e-07
856	7.94502e-07
857	8.18825e-07
858	7.71216e-07
859	7.14485e-07
860	6.99456e-07
861	7.22727e-07
862	7.49825e-07
863	7.49132e-07
864	7.27224e-07
865	7.06259e-07
866	6.99997e-07
867	7.04429e-07
868	7.06194e-07
869	7.00168e-07
870	6.90576e-07
871	6.82697e-07
872	6.78451e-07
873	6.7864e-07
874	6.75569e-07
875	6.70963e-07
876	6.6465e-07
877	6.60578e-07
878	6.56368e-07
879	6.54378e-07
880	6.49986e-07
881	6.4665e-07
882	6.41024e-07
883	6.37048e-07
884	6.31465e-07
885	6.36207e-07
886	6.26972e-07
887	6.29048e-07
888	6.14643e-07
889	6.11743e-07
890	6.07769e-07
891	6.06485e-07
892	6.03927e-07
893	5.98406e-07
894	5.99103e-07
895	5.96156e-07
896	5.90777e-07
897	5.8299e-07
898	5.78819e-07
899	5.76113e-07
900	5.7366e-07
901	5.69098e-07
902	5.63855e-07
903	6.2875e-07
904	5.38032e-07
905	5.5886e-07
906	5.64346e-07
907	5.49504e-07
908	5.31834e-07
909	5.25128e-07
910	5.28706e-07
911	5.33233e-07
912	5.3166e-07
913	5.23664e-07
914	5.1591e-07
915	5.12065e-07
916	5.11112e-07
917	5.0984e-07
918	5.07406e-07
919	5.00567e-07
920	9.97975e-07
921	9.9987e-07
922	9.98391e-07
923	9.99595e-07
924	9.87604e-07
925	9.78393e-07
926	9.66806e-07
927	9.66297e-07
928	9.58113e-07
929	9.7549e-07
930	9.57204e-07
931	9.56778e-07
932	9.49777e-07
933	9.49613e-07
934	9.37464e-07
935	9.34399e-07
936	9.2312e-07
937	9.23635e-07
938	9.14656e-07
939	9.14137e-07
940	9.02405e-07
941	8.99418e-07
942	8.88643e-07
943	8.87785e-07
944	8.79022e-07
945	8.79248e-07
946	8.69636e-07
947	8.68974e-07
948	8.59219e-07
949	8.57673e-07
950	8.4612e-07
951	8.46777e-07
952	8.37412e-07
953	8.36788e-07
954	8.27439e-07
955	8.28342e-07
956	8.1904e-07
957	8.21128e-07
958	8.10932e-07
959	8.11773e-07
960	9.50485e-07
961	8.18637e-07
962	8.34588e-07
963	5.99805e-07
964	5.21785e-07
965	7.28909e-07
966	6.26127e-07
967	6.51408e-07
968	7.72985e-07
969	8.48993e-07
970	7.91248e-07
971	7.05803e-07
972	6.59293e-07
973	6.86256e-07
974	7.26307e-07
975	7.38682e-07
976	7.26719e-07
977	7.01134e-07
978	6.8253e-07
979	6.95316e-07
980	7.01762e-07
981	7.10214e-07
982	6.92769e-07
983	6.87872e-07
984	6.7611e-07
985	6.8446e-07
986	6.78878e-07
987	6.83848e-07
988	6.71501e-07
989	6.75316e-07
990	6.66244e-07
991	6.7133e-07
992	6.63265e-07
993	6.67879e-07
994	6.56252e-07
995	6.61253e-07
996	6.51416e-07
997	6.57085e-07
998	6.4846e-07
999	6.5358e-07
1000	6.43096e-07
