1	1
2	0.503913
3	0.340056
4	0.171171
5	0.121077
6	0.1696
7	0.155293
8	0.146867
9	0.129965
10	0.0847393
11	0.0758442
12	0.0703672
13	0.0743912
14	0.0746795
15	0.0628758
16	0.0487232
17	0.0429179
18	0.0459743
19	0.0447144
20	0.0395667
21	0.0340058
22	0.0319658
23	0.031323
24	0.031705
25	0.0287998
26	0.0234524
27	0.0217977
28	0.0231579
29	0.0237313
30	0.0223251
31	0.0188347
32	0.0161983
33	0.0163497
34	0.0173851
35	0.0172448
36	0.0155438
37	0.0132395
38	0.0125337
39	0.0129641
40	0.0132063
41	0.0126401
42	0.0113582
43	0.0102704
44	0.0101498
45	0.0103652
46	0.010293
47	0.0097081
48	0.00876699
49	0.00817279
50	0.00802245
51	0.00806383
52	0.00802324
53	0.00773842
54	0.00723048
55	0.00689607
56	0.0067745
57	0.00672126
58	0.00670802
59	0.00666061
60	0.00651634
61	0.0063407
62	0.00627934
63	0.00628094
64	0.00624718
65	0.00619173
66	0.0061602
67	0.00611721
68	0.00607353
69	0.00605664
70	0.00606095
71	0.00605121
72	0.00602165
73	0.00598601
74	0.00596361
75	0.00595043
76	0.00593725
77	0.00592559
78	0.00591394
79	0.00589797
80	0.00587856
81	0.00585653
82	0.00583491
83	0.00581489
84	0.00579436
85	0.00577512
86	0.00575606
87	0.00573641
88	0.00571591
89	0.00569348
90	0.00567021
91	0.00564766
92	0.00562537
93	0.00560385
94	0.00558265
95	0.00556096
96	0.00553859
97	0.0055169
98	0.00549596
99	0.00547548
100	0.00545482
101	0.00543568
102	0.00541642
103	0.00539672
104	0.00537888
105	0.00536088
106	0.00534352
107	0.00532679
108	0.00531013
109	0.00529476
110	0.00528057
111	0.00526624
112	0.00525219
113	0.00523874
114	0.00522632
115	0.00521449
116	0.00520291
117	0.00519124
118	0.00518044
119	0.00517003
120	0.00515987
121	0.00515011
122	0.00514069
123	0.00513132
124	0.00512203
125	0.00511293
126	0.00510383
127	0.00509501
128	0.00508625
129	0.00507755
130	0.00506851
131	0.00505982
132	0.00505097
133	0.00504245
134	0.00503353
135	0.0050243
136	0.00501544
137	0.00500622
138	0.00499707
139	0.00498752
140	0.00497846
141	0.00496911
142	0.00495966
143	0.0049504
144	0.00494125
145	0.00493164
146	0.00492223
147	0.0049131
148	0.00490412
149	0.00489466
150	0.00488563
151	0.00487707
152	0.00486824
153	0.00485922
154	0.00485064
155	0.00484191
156	0.00483294
157	0.00482378
158	0.00481492
159	0.00480582
160	0.00479649
161	0.00478718
162	0.00477785
163	0.00476787
164	0.00475751
165	0.00474679
166	0.00473615
167	0.00472504
168	0.00471342
169	0.0047013
170	0.00468911
171	0.00467614
172	0.0046627
173	0.00464891
174	0.00463477
175	0.00461996
176	0.00460451
177	0.00458851
178	0.00457201
179	0.00455511
180	0.00453797
181	0.00452008
182	0.00450162
183	0.00448222
184	0.00446252
185	0.00444238
186	0.004422
187	0.00440112
188	0.0043797
189	0.00435797
190	0.00433548
191	0.00431259
192	0.00428927
193	0.00426575
194	0.00424186
195	0.00421768
196	0.00419308
197	0.00416815
198	0.00414294
199	0.00411767
200	0.00409189
201	0.00406579
202	0.00403952
203	0.00401301
204	0.00398634
205	0.00395953
206	0.00393268
207	0.00390561
208	0.00387846
209	0.0038512
210	0.0038239
211	0.00379655
212	0.00376912
213	0.00374166
214	0.00371419
215	0.00368691
216	0.00365961
217	0.00363263
218	0.00360581
219	0.00357905
220	0.00355235
221	0.00352583
222	0.00349944
223	0.00347325
224	0.00344741
225	0.00342166
226	0.00339611
227	0.00337067
228	0.0033457
229	0.00332091
230	0.0032965
231	0.00327225
232	0.00324827
233	0.00322453
234	0.00320084
235	0.00317745
236	0.0031545
237	0.00313192
238	0.00310955
239	0.0030874
240	0.00306553
241	0.00304389
242	0.00302267
243	0.00300173
244	0.00298106
245	0.00296052
246	0.00294009
247	0.00291986
248	0.0028999
249	0.00288005
250	0.00286058
251	0.00284135
252	0.00282222
253	0.00280328
254	0.00278471
255	0.00276631
256	0.00274808
257	0.00273015
258	0.00271235
259	0.00269464
260	0.00267715
261	0.00265985
262	0.00264263
263	0.00262558
264	0.0026087
265	0.00259186
266	0.00257528
267	0.00255875
268	0.00254233
269	0.0025261
270	0.00251001
271	0.0024939
272	0.00247787
273	0.0024619
274	0.00244612
275	0.00243033
276	0.0024146
277	0.00239892
278	0.00238336
279	0.00236783
280	0.00235243
281	0.00233702
282	0.00232165
283	0.00230637
284	0.00229116
285	0.002276
286	0.00226099
287	0.00224599
288	0.00223112
289	0.0022164
290	0.00220182
291	0.0021872
292	0.0021726
293	0.00215813
294	0.00214384
295	0.00212967
296	0.00211552
297	0.00210136
298	0.0020874
299	0.00207354
300	0.00205984
301	0.00204627
302	0.00203282
303	0.00201947
304	0.00200617
305	0.00199298
306	0.00197992
307	0.00196687
308	0.00195389
309	0.00194105
310	0.00192834
311	0.00191565
312	0.00190297
313	0.00189033
314	0.00187778
315	0.00186527
316	0.00185277
317	0.00184034
318	0.00182797
319	0.00181557
320	0.00180321
321	0.00179093
322	0.00177869
323	0.00176646
324	0.00175435
325	0.00174235
326	0.00173031
327	0.00171828
328	0.0017063
329	0.00169439
330	0.00168255
331	0.00167069
332	0.00165888
333	0.00164711
334	0.00163538
335	0.00162371
336	0.00161209
337	0.00160054
338	0.00158903
339	0.00157758
340	0.00156614
341	0.00155476
342	0.00154344
343	0.00153217
344	0.0015209
345	0.00150969
346	0.00149851
347	0.00148743
348	0.00147645
349	0.00146553
350	0.00145467
351	0.00144385
352	0.0014331
353	0.0014224
354	0.0014118
355	0.00140128
356	0.00139085
357	0.00138048
358	0.00137021
359	0.00135999
360	0.00134989
361	0.00133982
362	0.00132981
363	0.0013199
364	0.00131006
365	0.00130034
366	0.00129071
367	0.00128114
368	0.00127166
369	0.0012623
370	0.00125307
371	0.00124394
372	0.00123491
373	0.00122596
374	0.00121715
375	0.00120846
376	0.00119987
377	0.00119141
378	0.00118305
379	0.00117481
380	0.0011667
381	0.00115864
382	0.0011507
383	0.00114289
384	0.00113521
385	0.00112759
386	0.00112008
387	0.00111263
388	0.00110528
389	0.00109804
390	0.00109089
391	0.00108379
392	0.00107671
393	0.00106972
394	0.00106283
395	0.00105596
396	0.00104917
397	0.0010424
398	0.00103566
399	0.00102894
400	0.00102224
401	0.00101557
402	0.00100886
403	0.00100214
404	0.000995414
405	0.000988669
406	0.000981885
407	0.000975037
408	0.000968086
409	0.00096101
410	0.000953795
411	0.000946429
412	0.000938913
413	0.000931255
414	0.000923498
415	0.000915627
416	0.000907634
417	0.000899509
418	0.000891241
419	0.000882855
420	0.000874366
421	0.000865758
422	0.000857031
423	0.000848209
424	0.000839285
425	0.000830278
426	0.000821201
427	0.000812047
428	0.000802824
429	0.000793545
430	0.000784224
431	0.000774866
432	0.000765474
433	0.000756078
434	0.000746667
435	0.000737238
436	0.0007278
437	0.000718376
438	0.000708953
439	0.000699566
440	0.000690204
441	0.00068087
442	0.000671563
443	0.00066232
444	0.000653115
445	0.000643955
446	0.000634867
447	0.000625837
448	0.000616866
449	0.000607977
450	0.000599165
451	0.00059043
452	0.000581796
453	0.000573246
454	0.000564803
455	0.000556445
456	0.000548214
457	0.000540071
458	0.000532058
459	0.000524167
460	0.000516373
461	0.000508713
462	0.000501164
463	0.000493748
464	0.00048645
465	0.000479292
466	0.000472246
467	0.000465346
468	0.000458558
469	0.000451909
470	0.000445413
471	0.000439052
472	0.000432828
473	0.000426747
474	0.000420769
475	0.000414929
476	0.000409228
477	0.00040366
478	0.000398252
479	0.000392956
480	0.000387784
481	0.000382336
482	0.000377114
483	0.000372345
484	0.000367906
485	0.000363504
486	0.000359043
487	0.000354596
488	0.000350347
489	0.000346309
490	0.000342426
491	0.000338617
492	0.000334844
493	0.000331162
494	0.000327599
495	0.00032417
496	0.000320849
497	0.000317584
498	0.000314384
499	0.000311274
500	0.000308266
501	0.000305371
502	0.000302549
503	0.000299781
504	0.0002971
505	0.000294498
506	0.000291972
507	0.000289515
508	0.000287119
509	0.000284786
510	0.00028252
511	0.000280303
512	0.000278152
513	0.000276049
514	0.000273993
515	0.000271974
516	0.000270016
517	0.000268098
518	0.000266225
519	0.000264393
520	0.000262596
521	0.000260824
522	0.000259091
523	0.000257382
524	0.000255702
525	0.000254044
526	0.000252406
527	0.000250794
528	0.000249202
529	0.000247623
530	0.000246062
531	0.000244496
532	0.000242943
533	0.000241384
534	0.000239843
535	0.0002383
536	0.000236766
537	0.000235214
538	0.000233677
539	0.000232128
540	0.000230576
541	0.000229004
542	0.000227426
543	0.000225844
544	0.000224268
545	0.000222667
546	0.000221069
547	0.000219469
548	0.00021788
549	0.000216268
550	0.000214663
551	0.000213042
552	0.000211437
553	0.000209826
554	0.000208228
555	0.000206621
556	0.000205028
557	0.000203423
558	0.000201819
559	0.000200215
560	0.000198631
561	0.000197034
562	0.00019547
563	0.000193898
564	0.000192337
565	0.00019076
566	0.000189202
567	0.000187647
568	0.000186111
569	0.000184574
570	0.000183049
571	0.000181527
572	0.000180016
573	0.000178519
574	0.00017704
575	0.000175563
576	0.000174109
577	0.000172659
578	0.000171225
579	0.00016979
580	0.000168377
581	0.000166964
582	0.000165579
583	0.000164205
584	0.000162845
585	0.000161482
586	0.000160135
587	0.000158822
588	0.000157509
589	0.000156206
590	0.00015493
591	0.000153655
592	0.000152403
593	0.000151165
594	0.000149941
595	0.000148731
596	0.000147541
597	0.000146357
598	0.000145191
599	0.00014405
600	0.000142912
601	0.000141789
602	0.000140695
603	0.000139615
604	0.000138553
605	0.000137499
606	0.000136459
607	0.00013544
608	0.000134441
609	0.000133449
610	0.000132477
611	0.000131531
612	0.000130593
613	0.000129681
614	0.00012878
615	0.0001279
616	0.000127029
617	0.000126181
618	0.000125345
619	0.000124274
620	0.000123296
621	0.000122541
622	0.000121893
623	0.000121211
624	0.00012042
625	0.000119599
626	0.000118826
627	0.000118139
628	0.000117492
629	0.00011682
630	0.000116121
631	0.000115424
632	0.000114759
633	0.000114136
634	0.000113524
635	0.00011291
636	0.000112295
637	0.0001117
638	0.000111124
639	0.000110549
640	0.000109983
641	0.000109424
642	0.000108874
643	0.00010834
644	0.00010781
645	0.000107299
646	0.000106782
647	0.000106285
648	0.000105775
649	0.000105298
650	0.000104806
651	0.000104333
652	0.000103855
653	0.000103385
654	0.000102915
655	0.00010246
656	0.000102001
657	0.000101564
658	0.000101111
659	0.000100635
660	0.000100162
661	9.97468e-05
662	9.93317e-05
663	9.89386e-05
664	9.85096e-05
665	9.80989e-05
666	9.76636e-05
667	9.72693e-05
668	9.68542e-05
669	9.64639e-05
670	9.60537e-05
671	9.566e-05
672	9.5247e-05
673	9.48595e-05
674	9.44539e-05
675	9.40711e-05
676	9.36613e-05
677	9.32758e-05
678	9.28754e-05
679	9.2485e-05
680	9.20938e-05
681	9.17189e-05
682	9.13338e-05
683	9.09465e-05
684	9.05655e-05
685	9.0184e-05
686	8.98e-05
687	8.94224e-05
688	8.90454e-05
689	8.86648e-05
690	8.83019e-05
691	8.79328e-05
692	8.75659e-05
693	8.71939e-05
694	8.6836e-05
695	8.64598e-05
696	8.6103e-05
697	8.57415e-05
698	8.53886e-05
699	8.5021e-05
700	8.46544e-05
701	8.42873e-05
702	8.39296e-05
703	8.35556e-05
704	8.32009e-05
705	8.28397e-05
706	8.24858e-05
707	8.21174e-05
708	8.17616e-05
709	8.13979e-05
710	8.11726e-05
711	8.09044e-05
712	8.05584e-05
713	8.01489e-05
714	7.97831e-05
715	7.94384e-05
716	7.91325e-05
717	7.87995e-05
718	7.84635e-05
719	7.80897e-05
720	7.77436e-05
721	7.73924e-05
722	7.70674e-05
723	7.6716e-05
724	7.63835e-05
725	7.60174e-05
726	7.56835e-05
727	7.53366e-05
728	7.50092e-05
729	7.46558e-05
730	7.43227e-05
731	7.39641e-05
732	7.36355e-05
733	7.3283e-05
734	7.29639e-05
735	7.26109e-05
736	7.18246e-05
737	7.1154e-05
738	7.08383e-05
739	7.07093e-05
740	7.05251e-05
741	7.01254e-05
742	6.96419e-05
743	6.91968e-05
744	6.88973e-05
745	6.86271e-05
746	6.8352e-05
747	6.79776e-05
748	6.76059e-05
749	6.72451e-05
750	6.69384e-05
751	6.66083e-05
752	6.62974e-05
753	6.59467e-05
754	6.5623e-05
755	6.52802e-05
756	6.49663e-05
757	6.46285e-05
758	6.43105e-05
759	6.39758e-05
760	6.36553e-05
761	6.33102e-05
762	6.29976e-05
763	6.26612e-05
764	6.23574e-05
765	6.20199e-05
766	6.17127e-05
767	6.13728e-05
768	6.10504e-05
769	6.07045e-05
770	6.03971e-05
771	6.00562e-05
772	5.97339e-05
773	5.94123e-05
774	5.90988e-05
775	5.87616e-05
776	5.84478e-05
777	5.81112e-05
778	5.77998e-05
779	5.74814e-05
780	5.71673e-05
781	5.68362e-05
782	5.6529e-05
783	5.61977e-05
784	5.58917e-05
785	5.55617e-05
786	5.52585e-05
787	5.49356e-05
788	5.46099e-05
789	5.42605e-05
790	5.39536e-05
791	5.36434e-05
792	5.33475e-05
793	5.30223e-05
794	5.27125e-05
795	5.23817e-05
796	5.20831e-05
797	5.17654e-05
798	5.14716e-05
799	5.11628e-05
800	5.08626e-05
801	5.05445e-05
802	5.02399e-05
803	4.99262e-05
804	4.96205e-05
805	4.93043e-05
806	4.9018e-05
807	4.87053e-05
808	4.84097e-05
809	4.80984e-05
810	4.78092e-05
811	4.75071e-05
812	4.72224e-05
813	4.69103e-05
814	4.66229e-05
815	4.6323e-05
816	4.60357e-05
817	4.57409e-05
818	4.54602e-05
819	4.51655e-05
820	4.48861e-05
821	4.45921e-05
822	4.4314e-05
823	4.40213e-05
824	4.37447e-05
825	4.34542e-05
826	4.31735e-05
827	4.28852e-05
828	4.2611e-05
829	4.23176e-05
830	4.20493e-05
831	4.17661e-05
832	4.14977e-05
833	4.12112e-05
834	4.09434e-05
835	4.0662e-05
836	4.04086e-05
837	4.01243e-05
838	3.9868e-05
839	3.95919e-05
840	3.93338e-05
841	3.90552e-05
842	3.8805e-05
843	3.85307e-05
844	3.82774e-05
845	3.80025e-05
846	3.78861e-05
847	3.77143e-05
848	3.74689e-05
849	3.66011e-05
850	3.5935e-05
851	3.56711e-05
852	3.57169e-05
853	3.56812e-05
854	3.54118e-05
855	3.49641e-05
856	3.45977e-05
857	3.43759e-05
858	3.42559e-05
859	3.407e-05
860	3.38378e-05
861	3.35456e-05
862	3.33011e-05
863	3.30748e-05
864	3.28888e-05
865	3.26746e-05
866	3.24693e-05
867	3.22334e-05
868	3.20278e-05
869	3.18177e-05
870	3.16208e-05
871	3.1403e-05
872	3.1209e-05
873	3.0996e-05
874	3.07997e-05
875	3.05858e-05
876	3.04095e-05
877	3.01997e-05
878	3.0016e-05
879	2.98133e-05
880	2.96351e-05
881	2.94381e-05
882	2.92629e-05
883	2.9069e-05
884	2.8903e-05
885	2.87009e-05
886	2.8539e-05
887	2.83623e-05
888	2.81839e-05
889	2.79659e-05
890	2.78182e-05
891	2.76217e-05
892	2.74397e-05
893	2.72485e-05
894	2.70731e-05
895	2.68935e-05
896	2.67291e-05
897	2.65592e-05
898	2.63972e-05
899	2.62391e-05
900	2.60856e-05
901	2.59399e-05
902	2.57956e-05
903	2.56498e-05
904	2.55099e-05
905	2.53651e-05
906	2.52258e-05
907	2.50914e-05
908	2.49662e-05
909	2.48363e-05
910	2.47067e-05
911	2.45797e-05
912	2.4454e-05
913	2.43331e-05
914	2.42084e-05
915	2.40836e-05
916	2.39643e-05
917	2.38497e-05
918	2.3737e-05
919	2.3626e-05
920	2.35158e-05
921	2.34023e-05
922	2.32896e-05
923	2.31732e-05
924	2.30655e-05
925	2.29616e-05
926	2.28583e-05
927	2.27512e-05
928	2.26477e-05
929	2.25319e-05
930	2.24408e-05
931	2.23375e-05
932	2.22365e-05
933	2.21331e-05
934	2.20373e-05
935	2.19352e-05
936	2.18361e-05
937	2.17381e-05
938	2.16462e-05
939	2.15468e-05
940	2.14509e-05
941	2.13542e-05
942	2.12561e-05
943	2.11554e-05
944	2.10637e-05
945	2.097e-05
946	2.08804e-05
947	2.07862e-05
948	2.06939e-05
949	2.05974e-05
950	2.0508e-05
951	2.04146e-05
952	2.03284e-05
953	2.02377e-05
954	2.01556e-05
955	2.00627e-05
956	1.99755e-05
957	1.9884e-05
958	1.98025e-05
959	1.97135e-05
960	1.96353e-05
961	1.87564e-05
962	1.80671e-05
963	1.79587e-05
964	1.82554e-05
965	1.84781e-05
966	1.83647e-05
967	1.80315e-05
968	1.77703e-05
969	1.76849e-05
970	1.77283e-05
971	1.77336e-05
972	1.76484e-05
973	1.75043e-05
974	1.73793e-05
975	1.73011e-05
976	1.7386e-05
977	1.73083e-05
978	1.72678e-05
979	1.72207e-05
980	1.71639e-05
981	1.70885e-05
982	1.70232e-05
983	1.69636e-05
984	1.69153e-05
985	1.68634e-05
986	1.68162e-05
987	1.67539e-05
988	1.67006e-05
989	1.66431e-05
990	1.65966e-05
991	1.65468e-05
992	1.65016e-05
993	1.64478e-05
994	1.64018e-05
995	1.63482e-05
996	1.63014e-05
997	1.62526e-05
998	1.62103e-05
999	1.61595e-05
1000	1.61163e-05
