1	1
2	0.463433
3	0.372444
4	0.183218
5	0.0275719
6	0.146241
7	0.120341
8	0.0359524
9	0.0932452
10	0.0523111
11	0.0246301
12	0.0504322
13	0.0249604
14	0.0220058
15	0.0318315
16	0.0142977
17	0.0136362
18	0.0159766
19	0.0064565
20	0.0114731
21	0.0118125
22	0.00610137
23	0.00697384
24	0.00622634
25	0.00479819
26	0.00635913
27	0.00560557
28	0.00466064
29	0.00458648
30	0.0041608
31	0.00416949
32	0.00437378
33	0.00410525
34	0.00388418
35	0.00372971
36	0.00358607
37	0.0036282
38	0.00361705
39	0.00351483
40	0.00341007
41	0.00332515
42	0.00327505
43	0.00327422
44	0.00324541
45	0.00319347
46	0.00314359
47	0.00310404
48	0.00308347
49	0.00306986
50	0.00304761
51	0.00302349
52	0.00300511
53	0.00298689
54	0.00297111
55	0.0029567
56	0.00294475
57	0.00293542
58	0.00292326
59	0.00290997
60	0.00289883
61	0.00288736
62	0.00287676
63	0.0028661
64	0.00285469
65	0.00284229
66	0.0028294
67	0.00281704
68	0.00280569
69	0.00279462
70	0.00278323
71	0.00277118
72	0.00275854
73	0.00274569
74	0.00273292
75	0.00272039
76	0.00270807
77	0.00269586
78	0.00268349
79	0.00267088
80	0.00265813
81	0.00264533
82	0.00263253
83	0.00261972
84	0.0026069
85	0.00259415
86	0.00258138
87	0.00256864
88	0.00255586
89	0.00254305
90	0.00253022
91	0.00251739
92	0.00250457
93	0.00249178
94	0.002479
95	0.00246626
96	0.0024535
97	0.00244072
98	0.00242793
99	0.00241513
100	0.00240233
101	0.00238954
102	0.00237677
103	0.002364
104	0.00235124
105	0.00233848
106	0.00232572
107	0.00231296
108	0.00230025
109	0.00228754
110	0.00227481
111	0.00226212
112	0.00224945
113	0.00223676
114	0.00222409
115	0.00221146
116	0.00219882
117	0.00218619
118	0.00217356
119	0.0021609
120	0.00214824
121	0.00213559
122	0.00212294
123	0.00211026
124	0.00209758
125	0.00208489
126	0.0020722
127	0.00205951
128	0.00204682
129	0.00203414
130	0.00202144
131	0.00200874
132	0.00199604
133	0.00198336
134	0.00197069
135	0.00195802
136	0.00194536
137	0.00193272
138	0.00192007
139	0.00190742
140	0.0018948
141	0.00188218
142	0.00186958
143	0.001857
144	0.00184443
145	0.00183186
146	0.00181931
147	0.00180679
148	0.00179429
149	0.00178182
150	0.00176936
151	0.00175693
152	0.0017445
153	0.0017321
154	0.00171973
155	0.00170739
156	0.00169505
157	0.00168275
158	0.00167046
159	0.0016582
160	0.00164596
161	0.00163375
162	0.00162158
163	0.00160942
164	0.00159729
165	0.00158517
166	0.00157309
167	0.00156105
168	0.00154904
169	0.00153706
170	0.00152511
171	0.00151318
172	0.00150128
173	0.00148941
174	0.00147757
175	0.00146577
176	0.00145401
177	0.00144227
178	0.00143057
179	0.0014189
180	0.00140726
181	0.00139564
182	0.00138407
183	0.00137254
184	0.00136104
185	0.00134958
186	0.00133816
187	0.00132677
188	0.00131541
189	0.0013041
190	0.00129283
191	0.0012816
192	0.00127042
193	0.00125927
194	0.00124818
195	0.00123713
196	0.00122612
197	0.00121516
198	0.00120425
199	0.00119338
200	0.00118256
201	0.00117179
202	0.00116106
203	0.00115039
204	0.00113977
205	0.00112919
206	0.00111866
207	0.00110818
208	0.00109774
209	0.00108736
210	0.00107703
211	0.00106674
212	0.00105651
213	0.00104633
214	0.0010362
215	0.00102612
216	0.00101609
217	0.00100611
218	0.000996186
219	0.000986314
220	0.000976492
221	0.000966729
222	0.000957018
223	0.00094736
224	0.000937756
225	0.000928201
226	0.000918694
227	0.000909245
228	0.00089984
229	0.000890489
230	0.000881181
231	0.00087193
232	0.000862723
233	0.000853563
234	0.000844445
235	0.000835377
236	0.000826361
237	0.000817392
238	0.00080847
239	0.000799596
240	0.000790767
241	0.000781988
242	0.000773255
243	0.000764578
244	0.000755947
245	0.000747361
246	0.000738824
247	0.000730338
248	0.000721896
249	0.000713504
250	0.000705167
251	0.00069688
252	0.000688639
253	0.000680453
254	0.000672319
255	0.000664237
256	0.000656204
257	0.000648221
258	0.000640288
259	0.000632411
260	0.00062459
261	0.000616826
262	0.000609112
263	0.000601454
264	0.000593849
265	0.000586307
266	0.000578816
267	0.000571384
268	0.000564006
269	0.000556691
270	0.00054943
271	0.000542231
272	0.000535086
273	0.000528001
274	0.000520977
275	0.000514014
276	0.000507113
277	0.000500272
278	0.00049349
279	0.000486773
280	0.000480116
281	0.000473523
282	0.000466995
283	0.000460531
284	0.000454136
285	0.000447805
286	0.000441539
287	0.000435336
288	0.000429204
289	0.000423135
290	0.000417134
291	0.000411197
292	0.000405327
293	0.000399525
294	0.000393787
295	0.000388117
296	0.000382511
297	0.00037697
298	0.000371496
299	0.000366085
300	0.000360741
301	0.00035546
302	0.000350242
303	0.00034509
304	0.000340002
305	0.000334977
306	0.000330016
307	0.000325121
308	0.000320291
309	0.000315525
310	0.000310819
311	0.000306178
312	0.0003016
313	0.000297088
314	0.000292637
315	0.000288251
316	0.000283926
317	0.000279662
318	0.000275461
319	0.00027132
320	0.000267244
321	0.00026323
322	0.000259279
323	0.000255387
324	0.000251556
325	0.000247787
326	0.000244079
327	0.000240432
328	0.000236843
329	0.000233317
330	0.00022985
331	0.000226443
332	0.000223098
333	0.000219808
334	0.000216578
335	0.000213409
336	0.000210297
337	0.000207241
338	0.000204243
339	0.000201304
340	0.000198418
341	0.000195589
342	0.000192814
343	0.000190096
344	0.000187433
345	0.000184825
346	0.000182269
347	0.000179768
348	0.000177317
349	0.000174923
350	0.000172579
351	0.000170289
352	0.000168049
353	0.000165863
354	0.000163727
355	0.000161642
356	0.000159607
357	0.00015762
358	0.000155682
359	0.00015379
360	0.000151947
361	0.000150146
362	0.000148395
363	0.00014669
364	0.00014503
365	0.000143413
366	0.000141839
367	0.000140307
368	0.000138813
369	0.000137361
370	0.000135944
371	0.000134563
372	0.000133215
373	0.0001319
374	0.000130619
375	0.000129371
376	0.000128153
377	0.000126964
378	0.000125804
379	0.000124674
380	0.00012357
381	0.000122493
382	0.000121443
383	0.000120417
384	0.000119415
385	0.00011844
386	0.000117488
387	0.000116558
388	0.000115651
389	0.000114768
390	0.000113906
391	0.000113068
392	0.00011225
393	0.000111452
394	0.000110677
395	0.000109919
396	0.000109181
397	0.000108463
398	0.000107763
399	0.000107082
400	0.00010642
401	0.000105776
402	0.000105149
403	0.00010454
404	0.000103948
405	0.000103372
406	0.000102814
407	0.000102271
408	0.000101743
409	0.000101232
410	0.00010074
411	0.000100264
412	9.98063e-05
413	9.93638e-05
414	9.89347e-05
415	9.85217e-05
416	9.81237e-05
417	9.77399e-05
418	9.73701e-05
419	9.7014e-05
420	9.66689e-05
421	9.63385e-05
422	9.60227e-05
423	9.57179e-05
424	9.54263e-05
425	9.51459e-05
426	9.48772e-05
427	9.46213e-05
428	9.43751e-05
429	9.41414e-05
430	9.39176e-05
431	9.37027e-05
432	9.34968e-05
433	9.33004e-05
434	9.31108e-05
435	9.2929e-05
436	9.27542e-05
437	9.25854e-05
438	9.24214e-05
439	9.2262e-05
440	9.21058e-05
441	9.19535e-05
442	9.18044e-05
443	9.16565e-05
444	9.15091e-05
445	9.13634e-05
446	9.12181e-05
447	9.10717e-05
448	9.09263e-05
449	9.07786e-05
450	9.06307e-05
451	9.04807e-05
452	9.03285e-05
453	9.01745e-05
454	9.00179e-05
455	8.98573e-05
456	8.96933e-05
457	8.95268e-05
458	8.93577e-05
459	8.91825e-05
460	8.90037e-05
461	8.88215e-05
462	8.86352e-05
463	8.84458e-05
464	8.8252e-05
465	8.80536e-05
466	8.78517e-05
467	8.7648e-05
468	8.74401e-05
469	8.723e-05
470	8.70144e-05
471	8.67956e-05
472	8.65724e-05
473	8.63464e-05
474	8.61167e-05
475	8.58829e-05
476	8.56454e-05
477	8.54045e-05
478	8.51594e-05
479	8.49105e-05
480	8.4658e-05
481	8.4387e-05
482	8.41173e-05
483	8.38641e-05
484	8.36175e-05
485	8.33653e-05
486	8.3099e-05
487	8.28244e-05
488	8.25483e-05
489	8.22756e-05
490	8.20022e-05
491	8.17245e-05
492	8.14416e-05
493	8.11546e-05
494	8.08663e-05
495	8.05763e-05
496	8.02848e-05
497	7.99896e-05
498	7.96922e-05
499	7.93914e-05
500	7.90895e-05
501	7.87851e-05
502	7.84793e-05
503	7.81712e-05
504	7.78611e-05
505	7.7549e-05
506	7.72353e-05
507	7.69192e-05
508	7.66024e-05
509	7.62833e-05
510	7.59632e-05
511	7.56413e-05
512	7.53187e-05
513	7.49943e-05
514	7.46686e-05
515	7.4341e-05
516	7.4012e-05
517	7.36824e-05
518	7.33534e-05
519	7.3022e-05
520	7.26893e-05
521	7.23554e-05
522	7.20215e-05
523	7.16866e-05
524	7.13513e-05
525	7.10149e-05
526	7.06787e-05
527	7.03405e-05
528	7.00027e-05
529	6.96644e-05
530	6.93255e-05
531	6.89866e-05
532	6.86471e-05
533	6.83074e-05
534	6.79679e-05
535	6.76272e-05
536	6.72873e-05
537	6.69473e-05
538	6.66066e-05
539	6.62662e-05
540	6.59261e-05
541	6.55854e-05
542	6.52453e-05
543	6.49056e-05
544	6.45654e-05
545	6.4226e-05
546	6.38871e-05
547	6.35485e-05
548	6.32109e-05
549	6.28734e-05
550	6.2536e-05
551	6.21991e-05
552	6.18635e-05
553	6.15274e-05
554	6.11929e-05
555	6.08587e-05
556	6.05256e-05
557	6.01923e-05
558	5.98607e-05
559	5.95294e-05
560	5.91993e-05
561	5.88692e-05
562	5.85408e-05
563	5.82127e-05
564	5.78855e-05
565	5.7559e-05
566	5.72337e-05
567	5.6909e-05
568	5.65855e-05
569	5.62628e-05
570	5.59418e-05
571	5.56207e-05
572	5.53013e-05
573	5.49829e-05
574	5.46659e-05
575	5.43495e-05
576	5.40347e-05
577	5.37202e-05
578	5.34079e-05
579	5.30956e-05
580	5.27857e-05
581	5.24757e-05
582	5.21678e-05
583	5.18604e-05
584	5.15551e-05
585	5.125e-05
586	5.09467e-05
587	5.06442e-05
588	5.03439e-05
589	5.00439e-05
590	4.97463e-05
591	4.9449e-05
592	4.91541e-05
593	4.88596e-05
594	4.85675e-05
595	4.82753e-05
596	4.79856e-05
597	4.76961e-05
598	4.74089e-05
599	4.71224e-05
600	4.68378e-05
601	4.65539e-05
602	4.62716e-05
603	4.59901e-05
604	4.57104e-05
605	4.54316e-05
606	4.51543e-05
607	4.48777e-05
608	4.46031e-05
609	4.43292e-05
610	4.40573e-05
611	4.37861e-05
612	4.35168e-05
613	4.32483e-05
614	4.29817e-05
615	4.27159e-05
616	4.24518e-05
617	4.21883e-05
618	4.19271e-05
619	4.16538e-05
620	4.13867e-05
621	4.11385e-05
622	4.09033e-05
623	4.06662e-05
624	4.04209e-05
625	4.01702e-05
626	3.99225e-05
627	3.96797e-05
628	3.9442e-05
629	3.92043e-05
630	3.89657e-05
631	3.87261e-05
632	3.84885e-05
633	3.82524e-05
634	3.8019e-05
635	3.77862e-05
636	3.75542e-05
637	3.7322e-05
638	3.70919e-05
639	3.68623e-05
640	3.66349e-05
641	3.6408e-05
642	3.61825e-05
643	3.59573e-05
644	3.57338e-05
645	3.55108e-05
646	3.52899e-05
647	3.5069e-05
648	3.48498e-05
649	3.46313e-05
650	3.44145e-05
651	3.4198e-05
652	3.39834e-05
653	3.37687e-05
654	3.35561e-05
655	3.33439e-05
656	3.31334e-05
657	3.29231e-05
658	3.27151e-05
659	3.25063e-05
660	3.22995e-05
661	3.20936e-05
662	3.189e-05
663	3.16871e-05
664	3.14849e-05
665	3.1283e-05
666	3.10828e-05
667	3.08838e-05
668	3.06859e-05
669	3.04887e-05
670	3.02925e-05
671	3.00976e-05
672	2.99033e-05
673	2.97111e-05
674	2.95187e-05
675	2.93285e-05
676	2.91381e-05
677	2.89496e-05
678	2.87615e-05
679	2.85754e-05
680	2.83894e-05
681	2.82054e-05
682	2.80215e-05
683	2.78396e-05
684	2.76576e-05
685	2.74779e-05
686	2.72983e-05
687	2.71202e-05
688	2.69426e-05
689	2.67667e-05
690	2.65911e-05
691	2.64179e-05
692	2.62448e-05
693	2.60727e-05
694	2.59018e-05
695	2.57321e-05
696	2.55626e-05
697	2.53948e-05
698	2.52276e-05
699	2.50619e-05
700	2.48966e-05
701	2.47327e-05
702	2.45695e-05
703	2.44078e-05
704	2.42464e-05
705	2.40866e-05
706	2.39273e-05
707	2.37694e-05
708	2.3612e-05
709	2.34559e-05
710	2.33001e-05
711	2.31457e-05
712	2.29922e-05
713	2.28395e-05
714	2.26881e-05
715	2.25376e-05
716	2.23878e-05
717	2.22386e-05
718	2.20906e-05
719	2.19434e-05
720	2.17972e-05
721	2.16518e-05
722	2.15077e-05
723	2.13637e-05
724	2.12211e-05
725	2.10789e-05
726	2.09385e-05
727	2.07981e-05
728	2.06592e-05
729	2.05204e-05
730	2.03831e-05
731	2.02457e-05
732	2.01099e-05
733	1.99745e-05
734	1.98405e-05
735	1.97065e-05
736	1.95671e-05
737	1.94311e-05
738	1.93121e-05
739	1.92026e-05
740	1.90923e-05
741	1.89735e-05
742	1.88507e-05
743	1.87283e-05
744	1.86112e-05
745	1.84962e-05
746	1.83818e-05
747	1.82659e-05
748	1.81496e-05
749	1.80332e-05
750	1.79184e-05
751	1.78043e-05
752	1.76914e-05
753	1.7578e-05
754	1.74655e-05
755	1.73528e-05
756	1.72411e-05
757	1.71299e-05
758	1.70195e-05
759	1.69092e-05
760	1.67999e-05
761	1.66905e-05
762	1.65818e-05
763	1.64736e-05
764	1.63661e-05
765	1.62591e-05
766	1.61525e-05
767	1.60465e-05
768	1.5941e-05
769	1.5836e-05
770	1.57316e-05
771	1.56278e-05
772	1.55245e-05
773	1.54219e-05
774	1.53195e-05
775	1.5218e-05
776	1.51167e-05
777	1.50161e-05
778	1.49158e-05
779	1.48162e-05
780	1.47173e-05
781	1.46189e-05
782	1.45208e-05
783	1.44235e-05
784	1.43266e-05
785	1.423e-05
786	1.4134e-05
787	1.40388e-05
788	1.39427e-05
789	1.38479e-05
790	1.3754e-05
791	1.36609e-05
792	1.35678e-05
793	1.34757e-05
794	1.33834e-05
795	1.3292e-05
796	1.32009e-05
797	1.31107e-05
798	1.30207e-05
799	1.29316e-05
800	1.28425e-05
801	1.27543e-05
802	1.26663e-05
803	1.2579e-05
804	1.24919e-05
805	1.24055e-05
806	1.23193e-05
807	1.22339e-05
808	1.21491e-05
809	1.20648e-05
810	1.19806e-05
811	1.18971e-05
812	1.18139e-05
813	1.17314e-05
814	1.16494e-05
815	1.15677e-05
816	1.14862e-05
817	1.14058e-05
818	1.13258e-05
819	1.12458e-05
820	1.11666e-05
821	1.10876e-05
822	1.10095e-05
823	1.09314e-05
824	1.08542e-05
825	1.0777e-05
826	1.07008e-05
827	1.06243e-05
828	1.0549e-05
829	1.04736e-05
830	1.03993e-05
831	1.03245e-05
832	1.0251e-05
833	1.01771e-05
834	1.01043e-05
835	1.00314e-05
836	9.95969e-06
837	9.88759e-06
838	9.8167e-06
839	9.74555e-06
840	9.67528e-06
841	9.60497e-06
842	9.53576e-06
843	9.46614e-06
844	9.3978e-06
845	9.32905e-06
846	9.26097e-06
847	9.19283e-06
848	9.12589e-06
849	9.05924e-06
850	8.99547e-06
851	8.9423e-06
852	8.89731e-06
853	8.84997e-06
854	8.7979e-06
855	8.7411e-06
856	8.68516e-06
857	8.63091e-06
858	8.57962e-06
859	8.52763e-06
860	8.47514e-06
861	8.42113e-06
862	8.36762e-06
863	8.31378e-06
864	8.26101e-06
865	8.20795e-06
866	8.15527e-06
867	8.10164e-06
868	8.04848e-06
869	7.99496e-06
870	7.94203e-06
871	7.88884e-06
872	7.83655e-06
873	7.78352e-06
874	7.73119e-06
875	7.67843e-06
876	7.62618e-06
877	7.57362e-06
878	7.52179e-06
879	7.4696e-06
880	7.41803e-06
881	7.36623e-06
882	7.31492e-06
883	7.26344e-06
884	7.21238e-06
885	7.16103e-06
886	7.11063e-06
887	7.07452e-06
888	7.03671e-06
889	6.99755e-06
890	6.95908e-06
891	6.92019e-06
892	6.8817e-06
893	6.84291e-06
894	6.80396e-06
895	6.76487e-06
896	6.72546e-06
897	6.6863e-06
898	6.64644e-06
899	6.60697e-06
900	6.56698e-06
901	6.52741e-06
902	6.48714e-06
903	6.44733e-06
904	6.40626e-06
905	6.36621e-06
906	6.32529e-06
907	6.28471e-06
908	6.24373e-06
909	6.20343e-06
910	6.16247e-06
911	6.12181e-06
912	6.08075e-06
913	6.04009e-06
914	5.99909e-06
915	5.95843e-06
916	5.91758e-06
917	5.87707e-06
918	5.83628e-06
919	5.79238e-06
920	5.74853e-06
921	5.70508e-06
922	5.6619e-06
923	5.61946e-06
924	5.57674e-06
925	5.53429e-06
926	5.49203e-06
927	5.45021e-06
928	5.4084e-06
929	5.36676e-06
930	5.32577e-06
931	5.28478e-06
932	5.24383e-06
933	5.20351e-06
934	5.16322e-06
935	5.12334e-06
936	5.08364e-06
937	5.04444e-06
938	5.00502e-06
939	4.9664e-06
940	4.9279e-06
941	4.8896e-06
942	4.85151e-06
943	4.81378e-06
944	4.77623e-06
945	4.739e-06
946	4.70205e-06
947	4.66536e-06
948	4.62891e-06
949	4.59295e-06
950	4.55699e-06
951	4.52149e-06
952	4.48607e-06
953	4.45097e-06
954	4.416e-06
955	4.38164e-06
956	4.3472e-06
957	4.31322e-06
958	4.27947e-06
959	4.24594e-06
960	4.2126e-06
961	4.192e-06
962	4.16978e-06
963	4.15068e-06
964	4.13492e-06
965	4.11925e-06
966	4.10088e-06
967	4.08076e-06
968	4.05966e-06
969	4.03912e-06
970	4.01894e-06
971	3.99899e-06
972	3.97865e-06
973	3.95782e-06
974	3.93627e-06
975	3.91458e-06
976	3.8918e-06
977	3.86995e-06
978	3.84739e-06
979	3.8248e-06
980	3.80199e-06
981	3.77948e-06
982	3.75652e-06
983	3.7336e-06
984	3.71043e-06
985	3.68743e-06
986	3.66408e-06
987	3.64092e-06
988	3.61743e-06
989	3.59409e-06
990	3.57036e-06
991	3.54696e-06
992	3.52339e-06
993	3.49994e-06
994	3.47623e-06
995	3.45273e-06
996	3.42907e-06
997	3.40561e-06
998	3.38201e-06
999	3.35865e-06
1000	3.33516e-06
