1	0.00960771
2	0.00388126
3	0.0027277
4	0.00130447
5	0.000125997
6	0.000946957
7	0.000786938
8	0.000243423
9	0.000674421
10	0.000397251
11	0.000152171
12	0.000335712
13	0.000160295
14	0.000159931
15	0.000251666
16	0.000134661
17	9.13012e-05
18	0.000105512
19	4.72289e-05
20	9.64993e-05
21	0.000105911
22	3.16451e-05
23	5.61519e-05
24	4.75134e-05
25	4.55941e-05
26	3.0729e-05
27	2.9473e-05
28	2.50467e-05
29	2.28003e-05
30	2.10794e-05
31	2.24477e-05
32	2.47165e-05
33	2.38032e-05
34	2.26059e-05
35	2.16767e-05
36	2.11247e-05
37	2.18221e-05
38	2.23278e-05
39	2.17547e-05
40	2.1277e-05
41	2.10497e-05
42	2.10054e-05
43	2.11518e-05
44	2.11268e-05
45	2.0803e-05
46	2.05553e-05
47	2.05158e-05
48	2.05788e-05
49	2.06224e-05
50	2.05242e-05
51	2.03314e-05
52	2.01639e-05
53	2.00971e-05
54	2.00981e-05
55	2.00793e-05
56	1.99905e-05
57	1.98534e-05
58	1.97236e-05
59	1.96387e-05
60	1.95903e-05
61	1.95411e-05
62	1.94616e-05
63	1.93508e-05
64	1.92299e-05
65	1.91214e-05
66	1.90324e-05
67	1.89547e-05
68	1.8875e-05
69	1.87848e-05
70	1.8685e-05
71	1.85811e-05
72	1.84783e-05
73	1.83784e-05
74	1.82809e-05
75	1.81841e-05
76	1.80873e-05
77	1.79901e-05
78	1.78925e-05
79	1.77941e-05
80	1.76947e-05
81	1.75947e-05
82	1.74948e-05
83	1.73957e-05
84	1.72978e-05
85	1.72006e-05
86	1.71036e-05
87	1.70065e-05
88	1.69094e-05
89	1.68123e-05
90	1.67158e-05
91	1.66199e-05
92	1.65246e-05
93	1.64298e-05
94	1.63354e-05
95	1.62415e-05
96	1.6148e-05
97	1.6055e-05
98	1.59624e-05
99	1.58703e-05
100	1.57787e-05
101	1.56875e-05
102	1.55967e-05
103	1.55063e-05
104	1.54164e-05
105	1.53268e-05
106	1.52377e-05
107	1.5149e-05
108	1.50608e-05
109	1.49731e-05
110	1.48857e-05
111	1.47986e-05
112	1.4712e-05
113	1.46259e-05
114	1.45402e-05
115	1.44549e-05
116	1.437e-05
117	1.42855e-05
118	1.42013e-05
119	1.41174e-05
120	1.40336e-05
121	1.395e-05
122	1.38665e-05
123	1.37832e-05
124	1.37e-05
125	1.3617e-05
126	1.35342e-05
127	1.34515e-05
128	1.33688e-05
129	1.32863e-05
130	1.32037e-05
131	1.31214e-05
132	1.30391e-05
133	1.2957e-05
134	1.2875e-05
135	1.2793e-05
136	1.27112e-05
137	1.26294e-05
138	1.25476e-05
139	1.24658e-05
140	1.23839e-05
141	1.23019e-05
142	1.222e-05
143	1.21382e-05
144	1.20563e-05
145	1.19745e-05
146	1.18928e-05
147	1.1811e-05
148	1.17293e-05
149	1.16477e-05
150	1.15661e-05
151	1.14847e-05
152	1.14033e-05
153	1.13219e-05
154	1.12407e-05
155	1.11595e-05
156	1.10785e-05
157	1.09975e-05
158	1.09167e-05
159	1.0836e-05
160	1.07554e-05
161	1.06749e-05
162	1.05946e-05
163	1.05143e-05
164	1.04341e-05
165	1.03539e-05
166	1.02739e-05
167	1.01938e-05
168	1.01139e-05
169	1.00341e-05
170	9.95429e-06
171	9.87457e-06
172	9.79491e-06
173	9.71537e-06
174	9.63602e-06
175	9.55676e-06
176	9.47759e-06
177	9.39853e-06
178	9.31954e-06
179	9.24064e-06
180	9.16188e-06
181	9.08321e-06
182	9.00464e-06
183	8.92626e-06
184	8.84803e-06
185	8.76994e-06
186	8.69201e-06
187	8.61425e-06
188	8.53663e-06
189	8.45918e-06
190	8.38194e-06
191	8.30491e-06
192	8.22812e-06
193	8.15165e-06
194	8.07547e-06
195	7.99952e-06
196	7.92379e-06
197	7.84827e-06
198	7.77306e-06
199	7.69812e-06
200	7.62344e-06
201	7.54896e-06
202	7.47473e-06
203	7.40079e-06
204	7.32709e-06
205	7.2536e-06
206	7.18041e-06
207	7.10751e-06
208	7.03488e-06
209	6.96253e-06
210	6.8904e-06
211	6.81853e-06
212	6.74694e-06
213	6.67565e-06
214	6.60467e-06
215	6.53398e-06
216	6.46355e-06
217	6.39341e-06
218	6.32357e-06
219	6.25405e-06
220	6.18484e-06
221	6.11595e-06
222	6.04741e-06
223	5.97922e-06
224	5.91139e-06
225	5.84392e-06
226	5.77682e-06
227	5.71006e-06
228	5.64365e-06
229	5.57758e-06
230	5.51188e-06
231	5.44657e-06
232	5.38164e-06
233	5.3171e-06
234	5.25294e-06
235	5.18915e-06
236	5.12575e-06
237	5.06273e-06
238	5.0001e-06
239	4.93788e-06
240	4.8761e-06
241	4.81472e-06
242	4.75378e-06
243	4.69325e-06
244	4.63316e-06
245	4.57345e-06
246	4.51424e-06
247	4.4555e-06
248	4.39725e-06
249	4.33949e-06
250	4.28222e-06
251	4.22543e-06
252	4.16916e-06
253	4.11339e-06
254	4.05808e-06
255	4.00322e-06
256	3.94884e-06
257	3.89492e-06
258	3.84144e-06
259	3.78841e-06
260	3.73586e-06
261	3.68372e-06
262	3.63206e-06
263	3.58086e-06
264	3.53009e-06
265	3.4798e-06
266	3.43e-06
267	3.38067e-06
268	3.33183e-06
269	3.28347e-06
270	3.23559e-06
271	3.1882e-06
272	3.14125e-06
273	3.09479e-06
274	3.04883e-06
275	3.00334e-06
276	2.95831e-06
277	2.91373e-06
278	2.86962e-06
279	2.82602e-06
280	2.78292e-06
281	2.74031e-06
282	2.69822e-06
283	2.65665e-06
284	2.6156e-06
285	2.57504e-06
286	2.53502e-06
287	2.49553e-06
288	2.45651e-06
289	2.41806e-06
290	2.38011e-06
291	2.34266e-06
292	2.30573e-06
293	2.2693e-06
294	2.23337e-06
295	2.19797e-06
296	2.16308e-06
297	2.12867e-06
298	2.09476e-06
299	2.06133e-06
300	2.02836e-06
301	1.99587e-06
302	1.96385e-06
303	1.93227e-06
304	1.90114e-06
305	1.87042e-06
306	1.84017e-06
307	1.81039e-06
308	1.78107e-06
309	1.75222e-06
310	1.7238e-06
311	1.6958e-06
312	1.66826e-06
313	1.64113e-06
314	1.61447e-06
315	1.58827e-06
316	1.56254e-06
317	1.53725e-06
318	1.51241e-06
319	1.488e-06
320	1.46402e-06
321	1.44048e-06
322	1.41738e-06
323	1.39468e-06
324	1.37241e-06
325	1.35056e-06
326	1.32914e-06
327	1.30814e-06
328	1.28757e-06
329	1.2674e-06
330	1.24766e-06
331	1.22832e-06
332	1.20938e-06
333	1.19083e-06
334	1.17267e-06
335	1.15488e-06
336	1.13747e-06
337	1.12044e-06
338	1.10378e-06
339	1.0875e-06
340	1.07161e-06
341	1.05609e-06
342	1.04092e-06
343	1.02614e-06
344	1.01171e-06
345	9.97659e-07
346	9.83961e-07
347	9.70625e-07
348	9.57635e-07
349	9.45001e-07
350	9.32713e-07
351	9.20764e-07
352	9.09172e-07
353	8.97929e-07
354	8.87004e-07
355	8.76406e-07
356	8.66117e-07
357	8.56122e-07
358	8.46442e-07
359	8.37041e-07
360	8.27929e-07
361	8.19058e-07
362	8.10452e-07
363	8.0209e-07
364	7.93968e-07
365	7.86065e-07
366	7.78372e-07
367	7.70876e-07
368	7.63567e-07
369	7.5644e-07
370	7.49487e-07
371	7.42697e-07
372	7.36064e-07
373	7.29583e-07
374	7.23255e-07
375	7.1707e-07
376	7.11023e-07
377	7.05115e-07
378	6.99347e-07
379	6.93704e-07
380	6.88176e-07
381	6.82787e-07
382	6.7751e-07
383	6.72356e-07
384	6.6732e-07
385	6.624e-07
386	6.57595e-07
387	6.52893e-07
388	6.48303e-07
389	6.43803e-07
390	6.39407e-07
391	6.35118e-07
392	6.3093e-07
393	6.26836e-07
394	6.2285e-07
395	6.18947e-07
396	6.15144e-07
397	6.1143e-07
398	6.07819e-07
399	6.04295e-07
400	6.00848e-07
401	5.97497e-07
402	5.94229e-07
403	5.91046e-07
404	5.87955e-07
405	5.84946e-07
406	5.82019e-07
407	5.79174e-07
408	5.76417e-07
409	5.73745e-07
410	5.71174e-07
411	5.68684e-07
412	5.66279e-07
413	5.63951e-07
414	5.61705e-07
415	5.59536e-07
416	5.57458e-07
417	5.55448e-07
418	5.5351e-07
419	5.51633e-07
420	5.49827e-07
421	5.48085e-07
422	5.46419e-07
423	5.44814e-07
424	5.4327e-07
425	5.41774e-07
426	5.40345e-07
427	5.38967e-07
428	5.37637e-07
429	5.36351e-07
430	5.35104e-07
431	5.33892e-07
432	5.32722e-07
433	5.31577e-07
434	5.30453e-07
435	5.29351e-07
436	5.28267e-07
437	5.27189e-07
438	5.2612e-07
439	5.25056e-07
440	5.23992e-07
441	5.22921e-07
442	5.2184e-07
443	5.20753e-07
444	5.19651e-07
445	5.18534e-07
446	5.17395e-07
447	5.16239e-07
448	5.15059e-07
449	5.13849e-07
450	5.12621e-07
451	5.1137e-07
452	5.10094e-07
453	5.08794e-07
454	5.07471e-07
455	5.06121e-07
456	5.04747e-07
457	5.03354e-07
458	5.01934e-07
459	5.00494e-07
460	4.99029e-07
461	4.97546e-07
462	4.96037e-07
463	4.94513e-07
464	4.92962e-07
465	4.91395e-07
466	4.89805e-07
467	4.88204e-07
468	4.86581e-07
469	4.84941e-07
470	4.8328e-07
471	4.81609e-07
472	4.79912e-07
473	4.78204e-07
474	4.76474e-07
475	4.74731e-07
476	4.72971e-07
477	4.71202e-07
478	4.69417e-07
479	4.67615e-07
480	9.98158e-07
481	9.941e-07
482	9.90184e-07
483	9.86395e-07
484	9.82625e-07
485	9.78829e-07
486	9.74983e-07
487	9.71099e-07
488	9.67189e-07
489	9.6326e-07
490	9.59317e-07
491	9.5535e-07
492	9.5136e-07
493	9.47344e-07
494	9.43309e-07
495	9.3925e-07
496	9.35178e-07
497	9.31097e-07
498	9.26999e-07
499	9.22878e-07
500	9.18744e-07
501	9.14589e-07
502	9.10423e-07
503	9.06236e-07
504	9.02038e-07
505	8.97825e-07
506	8.93599e-07
507	8.89366e-07
508	8.8511e-07
509	8.80846e-07
510	8.76578e-07
511	8.72294e-07
512	8.68005e-07
513	8.63708e-07
514	8.59402e-07
515	8.55091e-07
516	8.50774e-07
517	8.46458e-07
518	8.42145e-07
519	8.37823e-07
520	8.3349e-07
521	8.29157e-07
522	8.24822e-07
523	8.20485e-07
524	8.16141e-07
525	8.11802e-07
526	8.07462e-07
527	8.03121e-07
528	7.98784e-07
529	7.94448e-07
530	7.90111e-07
531	7.85786e-07
532	7.81457e-07
533	7.7714e-07
534	7.72822e-07
535	7.68513e-07
536	7.64202e-07
537	7.5991e-07
538	7.55614e-07
539	7.51329e-07
540	7.47043e-07
541	7.42772e-07
542	7.3851e-07
543	7.34259e-07
544	7.3001e-07
545	7.25779e-07
546	7.21553e-07
547	7.17347e-07
548	7.13148e-07
549	7.08966e-07
550	7.04786e-07
551	7.00628e-07
552	6.96467e-07
553	6.92324e-07
554	6.8819e-07
555	6.84074e-07
556	6.79964e-07
557	6.7587e-07
558	6.71788e-07
559	6.67721e-07
560	6.63663e-07
561	6.59621e-07
562	6.55593e-07
563	6.51582e-07
564	6.47575e-07
565	6.43587e-07
566	6.39612e-07
567	6.35657e-07
568	6.31708e-07
569	6.27784e-07
570	6.23872e-07
571	6.19971e-07
572	6.16086e-07
573	6.12221e-07
574	6.08371e-07
575	6.04535e-07
576	6.00714e-07
577	5.96911e-07
578	5.93127e-07
579	5.89356e-07
580	5.85604e-07
581	5.81865e-07
582	5.78147e-07
583	5.7444e-07
584	5.7075e-07
585	5.67085e-07
586	5.6343e-07
587	5.598e-07
588	5.56184e-07
589	5.52589e-07
590	5.49018e-07
591	5.45464e-07
592	5.41929e-07
593	5.38405e-07
594	5.34911e-07
595	5.31425e-07
596	5.27966e-07
597	5.2453e-07
598	5.21104e-07
599	5.177e-07
600	5.14316e-07
601	5.10952e-07
602	5.07605e-07
603	5.04272e-07
604	5.0096e-07
605	4.97669e-07
606	4.94395e-07
607	4.91134e-07
608	4.87895e-07
609	4.84676e-07
610	4.81476e-07
611	4.78292e-07
612	4.75123e-07
613	4.71976e-07
614	4.68841e-07
615	4.65729e-07
616	4.6263e-07
617	4.5955e-07
618	9.93877e-07
619	9.86775e-07
620	9.80158e-07
621	9.73915e-07
622	9.67822e-07
623	9.61743e-07
624	9.55637e-07
625	9.49535e-07
626	9.43439e-07
627	9.37396e-07
628	9.31404e-07
629	9.25445e-07
630	9.19506e-07
631	9.136e-07
632	9.07697e-07
633	9.01841e-07
634	8.96005e-07
635	8.90216e-07
636	8.84435e-07
637	8.78706e-07
638	8.72996e-07
639	8.6732e-07
640	8.61664e-07
641	8.56058e-07
642	8.50462e-07
643	8.4491e-07
644	8.39371e-07
645	8.33877e-07
646	8.28395e-07
647	8.22961e-07
648	8.17537e-07
649	8.12167e-07
650	8.06823e-07
651	8.015e-07
652	7.96209e-07
653	7.90963e-07
654	7.85726e-07
655	7.80526e-07
656	7.75359e-07
657	7.7021e-07
658	7.65088e-07
659	7.5998e-07
660	7.54904e-07
661	7.49878e-07
662	7.44893e-07
663	7.39926e-07
664	7.34986e-07
665	7.30062e-07
666	7.25173e-07
667	7.20318e-07
668	7.15503e-07
669	7.10696e-07
670	7.05932e-07
671	7.01185e-07
672	6.96489e-07
673	6.91787e-07
674	6.87143e-07
675	6.82513e-07
676	6.77913e-07
677	6.73337e-07
678	6.68797e-07
679	6.6428e-07
680	6.59807e-07
681	6.55345e-07
682	6.50922e-07
683	6.46507e-07
684	6.42143e-07
685	6.37787e-07
686	6.33481e-07
687	6.29171e-07
688	6.2492e-07
689	6.20664e-07
690	6.16465e-07
691	6.12266e-07
692	6.08122e-07
693	6.03969e-07
694	5.99881e-07
695	5.95776e-07
696	5.91722e-07
697	5.8766e-07
698	5.83678e-07
699	5.79678e-07
700	5.75739e-07
701	5.71773e-07
702	5.67895e-07
703	5.63991e-07
704	5.60149e-07
705	5.5629e-07
706	5.52511e-07
707	5.48711e-07
708	5.44971e-07
709	5.41214e-07
710	5.37521e-07
711	5.33807e-07
712	5.3017e-07
713	5.265e-07
714	5.22904e-07
715	5.19289e-07
716	5.15743e-07
717	5.12172e-07
718	5.08667e-07
719	5.05149e-07
720	5.01685e-07
721	4.98207e-07
722	4.94796e-07
723	4.91361e-07
724	4.8799e-07
725	4.84592e-07
726	4.8127e-07
727	4.77923e-07
728	4.74633e-07
729	4.71322e-07
730	4.68076e-07
731	4.64812e-07
732	4.61607e-07
733	4.58381e-07
734	4.55224e-07
735	9.95886e-07
736	9.87836e-07
737	9.80852e-07
738	9.74756e-07
739	9.6882e-07
740	9.62938e-07
741	9.5684e-07
742	9.50802e-07
743	9.44701e-07
744	9.38773e-07
745	9.32769e-07
746	9.26888e-07
747	9.20935e-07
748	9.15044e-07
749	9.09093e-07
750	9.0325e-07
751	8.97323e-07
752	8.91553e-07
753	8.857e-07
754	8.7995e-07
755	8.74148e-07
756	8.68472e-07
757	8.62722e-07
758	8.57088e-07
759	8.51386e-07
760	8.4581e-07
761	8.40155e-07
762	8.34619e-07
763	8.29001e-07
764	8.23534e-07
765	8.17975e-07
766	8.12527e-07
767	8.0703e-07
768	8.01654e-07
769	7.96183e-07
770	7.90855e-07
771	7.85448e-07
772	7.80162e-07
773	7.74812e-07
774	7.69582e-07
775	7.64267e-07
776	7.59105e-07
777	7.53837e-07
778	7.48713e-07
779	7.43512e-07
780	7.38457e-07
781	7.33285e-07
782	7.28281e-07
783	7.23188e-07
784	7.1824e-07
785	7.13185e-07
786	7.08285e-07
787	7.03297e-07
788	6.98399e-07
789	6.93438e-07
790	6.88634e-07
791	6.83755e-07
792	6.7902e-07
793	6.74169e-07
794	6.69473e-07
795	6.64681e-07
796	6.60037e-07
797	6.5533e-07
798	6.50746e-07
799	6.46073e-07
800	6.41547e-07
801	6.36929e-07
802	6.3243e-07
803	6.27861e-07
804	6.23443e-07
805	6.18915e-07
806	6.1454e-07
807	6.10068e-07
808	6.05745e-07
809	6.01343e-07
810	5.97063e-07
811	5.92691e-07
812	5.88476e-07
813	5.84152e-07
814	5.79972e-07
815	5.75702e-07
816	5.71567e-07
817	5.67351e-07
818	5.63264e-07
819	5.59104e-07
820	5.55056e-07
821	5.50951e-07
822	5.4695e-07
823	5.42878e-07
824	5.38941e-07
825	5.34917e-07
826	5.31022e-07
827	5.27048e-07
828	5.23205e-07
829	5.19264e-07
830	5.15469e-07
831	5.11576e-07
832	5.07822e-07
833	5.03984e-07
834	5.00267e-07
835	4.96472e-07
836	4.92815e-07
837	4.89058e-07
838	4.85433e-07
839	4.81737e-07
840	4.78146e-07
841	4.74495e-07
842	4.70969e-07
843	4.67341e-07
844	4.63864e-07
845	4.60285e-07
846	4.56807e-07
847	4.53265e-07
848	9.96066e-07
849	9.86113e-07
850	9.78463e-07
851	9.72288e-07
852	9.66878e-07
853	9.61095e-07
854	9.55408e-07
855	9.49408e-07
856	9.43671e-07
857	9.37741e-07
858	9.32007e-07
859	9.26044e-07
860	9.20225e-07
861	9.14138e-07
862	9.08234e-07
863	9.0213e-07
864	8.96201e-07
865	8.90129e-07
866	8.84261e-07
867	8.78228e-07
868	8.724e-07
869	8.66447e-07
870	8.60593e-07
871	8.54641e-07
872	8.48877e-07
873	8.4291e-07
874	8.37138e-07
875	8.3122e-07
876	8.25434e-07
877	8.1955e-07
878	8.13822e-07
879	8.07957e-07
880	8.02268e-07
881	7.96483e-07
882	7.90823e-07
883	7.85069e-07
884	7.79481e-07
885	7.7376e-07
886	7.68207e-07
887	7.64156e-07
888	7.60061e-07
889	7.55871e-07
890	7.51736e-07
891	7.47554e-07
892	7.43423e-07
893	7.39198e-07
894	7.34991e-07
895	7.30705e-07
896	7.26443e-07
897	7.22139e-07
898	7.17854e-07
899	7.13504e-07
900	7.09188e-07
901	7.04841e-07
902	7.00479e-07
903	6.96091e-07
904	6.91666e-07
905	6.87241e-07
906	6.82794e-07
907	6.78329e-07
908	6.73844e-07
909	6.69363e-07
910	6.64888e-07
911	6.60385e-07
912	6.55904e-07
913	6.51397e-07
914	6.46916e-07
915	6.42417e-07
916	6.37941e-07
917	6.33463e-07
918	6.28991e-07
919	6.24184e-07
920	6.19376e-07
921	6.14547e-07
922	6.09822e-07
923	6.05084e-07
924	6.00378e-07
925	5.957e-07
926	5.9105e-07
927	5.86435e-07
928	5.81841e-07
929	5.77264e-07
930	5.72762e-07
931	5.68246e-07
932	5.63769e-07
933	5.59321e-07
934	5.54913e-07
935	5.5052e-07
936	5.46169e-07
937	5.41849e-07
938	5.37547e-07
939	5.333e-07
940	5.29085e-07
941	5.2489e-07
942	5.20713e-07
943	5.1659e-07
944	5.12488e-07
945	5.08403e-07
946	5.04379e-07
947	5.00355e-07
948	4.96379e-07
949	4.92432e-07
950	4.88518e-07
951	4.8463e-07
952	4.80784e-07
953	4.76952e-07
954	4.7316e-07
955	4.69395e-07
956	4.65656e-07
957	4.61943e-07
958	4.58272e-07
959	4.54621e-07
960	9.9601e-07
961	9.86892e-07
962	9.79836e-07
963	9.75228e-07
964	9.71573e-07
965	9.67771e-07
966	9.63584e-07
967	9.59235e-07
968	9.54772e-07
969	9.50143e-07
970	9.45335e-07
971	9.40412e-07
972	9.3543e-07
973	9.30377e-07
974	9.25242e-07
975	9.20046e-07
976	9.14577e-07
977	9.09382e-07
978	9.04078e-07
979	8.98773e-07
980	8.93467e-07
981	8.88203e-07
982	8.82827e-07
983	8.77429e-07
984	8.71979e-07
985	8.66506e-07
986	8.61015e-07
987	8.55505e-07
988	8.49949e-07
989	8.44448e-07
990	8.38849e-07
991	8.33316e-07
992	8.27783e-07
993	8.22241e-07
994	8.16705e-07
995	8.11165e-07
996	8.05607e-07
997	8.00078e-07
998	7.94585e-07
999	7.89098e-07
1000	7.83574e-07
