1	0.00560377
2	0.0034379
3	0.00148122
4	0.00108273
5	0.000891282
6	0.000726431
7	0.00040747
8	0.000540384
9	0.000256783
10	0.000392683
11	0.000624359
12	0.000566289
13	0.000301295
14	0.000244616
15	0.000209577
16	0.000333964
17	0.000478345
18	0.000412751
19	0.000264446
20	0.000220402
21	0.000204084
22	0.000286802
23	0.00032925
24	0.000269922
25	0.000209334
26	0.000191775
27	0.00018818
28	0.000230821
29	0.000236288
30	0.00020187
31	0.000174218
32	0.000167915
33	0.000180295
34	0.000195674
35	0.00019008
36	0.000173886
37	0.000159635
38	0.000157579
39	0.000167477
40	8.21731e-05
41	7.92514e-05
42	0.000155819
43	0.000148793
44	0.000149052
45	7.16974e-05
46	7.17221e-05
47	7.03665e-05
48	6.78575e-05
49	6.56508e-05
50	6.48809e-05
51	6.45659e-05
52	6.39592e-05
53	6.31044e-05
54	6.22755e-05
55	6.17236e-05
56	6.13136e-05
57	6.08283e-05
58	6.02411e-05
59	5.96573e-05
60	5.91625e-05
61	5.87918e-05
62	5.85648e-05
63	5.85091e-05
64	5.85471e-05
65	5.8573e-05
66	5.85524e-05
67	5.84816e-05
68	5.84066e-05
69	5.83837e-05
70	5.84352e-05
71	5.85463e-05
72	5.86595e-05
73	5.87365e-05
74	5.87628e-05
75	5.87515e-05
76	5.87111e-05
77	5.86478e-05
78	5.8578e-05
79	5.85127e-05
80	5.84483e-05
81	5.83708e-05
82	5.82704e-05
83	5.81361e-05
84	5.79723e-05
85	5.77815e-05
86	5.75696e-05
87	5.7334e-05
88	5.70686e-05
89	5.67744e-05
90	5.64501e-05
91	5.61014e-05
92	5.57331e-05
93	5.53447e-05
94	5.49395e-05
95	5.45142e-05
96	5.40744e-05
97	5.36216e-05
98	5.31618e-05
99	5.26915e-05
100	5.22128e-05
101	5.17265e-05
102	5.12324e-05
103	5.07281e-05
104	5.02186e-05
105	4.9705e-05
106	4.91841e-05
107	4.86528e-05
108	4.81118e-05
109	4.75631e-05
110	4.70077e-05
111	4.64497e-05
112	4.58828e-05
113	4.531e-05
114	4.4731e-05
115	4.41478e-05
116	4.35641e-05
117	4.29803e-05
118	4.23948e-05
119	4.18092e-05
120	4.12276e-05
121	4.06472e-05
122	4.00721e-05
123	3.95027e-05
124	3.8938e-05
125	3.83793e-05
126	3.78289e-05
127	3.72867e-05
128	3.67528e-05
129	3.6229e-05
130	3.57146e-05
131	3.5212e-05
132	3.47214e-05
133	3.42445e-05
134	3.37777e-05
135	3.33256e-05
136	3.28865e-05
137	3.24594e-05
138	3.20428e-05
139	3.16383e-05
140	3.12448e-05
141	3.08623e-05
142	3.04913e-05
143	3.0132e-05
144	2.9784e-05
145	2.94461e-05
146	2.91176e-05
147	2.87975e-05
148	2.84855e-05
149	2.81806e-05
150	2.78835e-05
151	2.75956e-05
152	2.73144e-05
153	2.70397e-05
154	2.67722e-05
155	2.65137e-05
156	2.62648e-05
157	2.60252e-05
158	2.5795e-05
159	2.55739e-05
160	2.53601e-05
161	2.51528e-05
162	2.49516e-05
163	2.47552e-05
164	2.45639e-05
165	2.4378e-05
166	2.41958e-05
167	2.40177e-05
168	2.38424e-05
169	2.36714e-05
170	2.35019e-05
171	2.33369e-05
172	2.31748e-05
173	2.30153e-05
174	2.28583e-05
175	2.27051e-05
176	2.25552e-05
177	2.24077e-05
178	2.2262e-05
179	2.2119e-05
180	2.19786e-05
181	2.18398e-05
182	2.17026e-05
183	2.15664e-05
184	2.14317e-05
185	2.12995e-05
186	2.11682e-05
187	2.1038e-05
188	2.09085e-05
189	2.07802e-05
190	2.06534e-05
191	2.05272e-05
192	2.04021e-05
193	2.02796e-05
194	2.01582e-05
195	2.00374e-05
196	1.99179e-05
197	1.97993e-05
198	1.96799e-05
199	1.95597e-05
200	1.94389e-05
201	1.93176e-05
202	1.91961e-05
203	1.90745e-05
204	1.89514e-05
205	1.88282e-05
206	1.87047e-05
207	1.85805e-05
208	1.84559e-05
209	1.83299e-05
210	1.82026e-05
211	1.80732e-05
212	1.79417e-05
213	1.78085e-05
214	1.76742e-05
215	1.75379e-05
216	1.73995e-05
217	1.72599e-05
218	1.71186e-05
219	1.69766e-05
220	1.68339e-05
221	1.66902e-05
222	1.65457e-05
223	1.64004e-05
224	1.62542e-05
225	1.61061e-05
226	1.59569e-05
227	1.58067e-05
228	1.56558e-05
229	1.5504e-05
230	1.5351e-05
231	1.51976e-05
232	1.50427e-05
233	1.48869e-05
234	1.47309e-05
235	1.45741e-05
236	1.44167e-05
237	1.42592e-05
238	1.41016e-05
239	1.39438e-05
240	1.37863e-05
241	1.36293e-05
242	1.34726e-05
243	1.33162e-05
244	1.31602e-05
245	1.30046e-05
246	1.28491e-05
247	1.26942e-05
248	1.25403e-05
249	1.23871e-05
250	1.22344e-05
251	1.20825e-05
252	1.19313e-05
253	1.17806e-05
254	1.16309e-05
255	1.14822e-05
256	1.13344e-05
257	1.1188e-05
258	1.10423e-05
259	1.08983e-05
260	1.07551e-05
261	1.06138e-05
262	1.0474e-05
263	1.03352e-05
264	1.01979e-05
265	1.00623e-05
266	9.92744e-06
267	9.79458e-06
268	9.66288e-06
269	9.53271e-06
270	9.40411e-06
271	9.27767e-06
272	9.15257e-06
273	9.02954e-06
274	8.908e-06
275	8.78822e-06
276	8.6703e-06
277	8.55474e-06
278	8.44083e-06
279	8.32911e-06
280	8.21918e-06
281	8.11148e-06
282	8.006e-06
283	7.90267e-06
284	7.80103e-06
285	7.70164e-06
286	7.60414e-06
287	7.50892e-06
288	7.41525e-06
289	7.32342e-06
290	7.23336e-06
291	7.14484e-06
292	7.05803e-06
293	6.97274e-06
294	6.88851e-06
295	6.80528e-06
296	6.72339e-06
297	6.64242e-06
298	6.56231e-06
299	6.48329e-06
300	6.4051e-06
301	6.32775e-06
302	6.25123e-06
303	6.17559e-06
304	6.10104e-06
305	6.02723e-06
306	5.95451e-06
307	5.88274e-06
308	5.81196e-06
309	5.74191e-06
310	5.67263e-06
311	5.6041e-06
312	5.53662e-06
313	5.46977e-06
314	5.40387e-06
315	5.33858e-06
316	5.27377e-06
317	5.20981e-06
318	5.14629e-06
319	5.08362e-06
320	5.02112e-06
321	4.95911e-06
322	4.89729e-06
323	4.83613e-06
324	4.77551e-06
325	4.71535e-06
326	4.65575e-06
327	4.59687e-06
328	4.53833e-06
329	4.48027e-06
330	4.42286e-06
331	4.36589e-06
332	4.30961e-06
333	4.25398e-06
334	4.19874e-06
335	4.14416e-06
336	4.09014e-06
337	4.03654e-06
338	3.98344e-06
339	3.93077e-06
340	3.87839e-06
341	3.82672e-06
342	3.77557e-06
343	3.72484e-06
344	3.67453e-06
345	3.62474e-06
346	3.57548e-06
347	3.52674e-06
348	3.47853e-06
349	3.43089e-06
350	3.38378e-06
351	3.33717e-06
352	3.29109e-06
353	3.24551e-06
354	3.20056e-06
355	3.1562e-06
356	3.11221e-06
357	3.06889e-06
358	3.02609e-06
359	2.98395e-06
360	2.94235e-06
361	2.90128e-06
362	2.86086e-06
363	2.82089e-06
364	2.78149e-06
365	2.74276e-06
366	2.70457e-06
367	2.66707e-06
368	2.62996e-06
369	2.59361e-06
370	2.55781e-06
371	2.52271e-06
372	2.48812e-06
373	2.45414e-06
374	2.42077e-06
375	2.38801e-06
376	2.35586e-06
377	2.32431e-06
378	2.29326e-06
379	2.26288e-06
380	2.23294e-06
381	2.20371e-06
382	2.17488e-06
383	2.14661e-06
384	2.11882e-06
385	2.09153e-06
386	2.06478e-06
387	2.0385e-06
388	2.01271e-06
389	1.98742e-06
390	1.96264e-06
391	1.93834e-06
392	1.9145e-06
393	1.89123e-06
394	1.86832e-06
395	1.84587e-06
396	1.82389e-06
397	1.80253e-06
398	1.78155e-06
399	1.76102e-06
400	1.74093e-06
401	1.72126e-06
402	1.70192e-06
403	1.68303e-06
404	1.66454e-06
405	1.64662e-06
406	1.62892e-06
407	1.61172e-06
408	1.59476e-06
409	1.57831e-06
410	1.56168e-06
411	1.54599e-06
412	1.53066e-06
413	1.51582e-06
414	1.50099e-06
415	1.48649e-06
416	1.47224e-06
417	1.45846e-06
418	1.44486e-06
419	1.43171e-06
420	1.41862e-06
421	1.40595e-06
422	1.39347e-06
423	1.38138e-06
424	1.36949e-06
425	1.35799e-06
426	1.34659e-06
427	1.33554e-06
428	1.32476e-06
429	1.31424e-06
430	1.30381e-06
431	1.29384e-06
432	1.28392e-06
433	1.27435e-06
434	1.26488e-06
435	1.2558e-06
436	1.2468e-06
437	1.23809e-06
438	1.22949e-06
439	1.22115e-06
440	1.21294e-06
441	1.20494e-06
442	1.19716e-06
443	1.18945e-06
444	1.18192e-06
445	1.17447e-06
446	1.16727e-06
447	1.16025e-06
448	1.15333e-06
449	1.14659e-06
450	1.13996e-06
451	1.1335e-06
452	1.12721e-06
453	1.12102e-06
454	1.11492e-06
455	1.10891e-06
456	1.10316e-06
457	1.09734e-06
458	1.09176e-06
459	1.08619e-06
460	1.08079e-06
461	1.07554e-06
462	1.07035e-06
463	1.0652e-06
464	1.06021e-06
465	1.05529e-06
466	1.05048e-06
467	1.04579e-06
468	1.04109e-06
469	1.03647e-06
470	1.032e-06
471	1.02753e-06
472	1.02318e-06
473	1.0189e-06
474	1.01465e-06
475	1.01051e-06
476	1.00632e-06
477	1.0023e-06
478	9.98285e-07
479	9.94256e-07
480	9.90319e-07
481	9.83586e-07
482	9.77755e-07
483	9.74455e-07
484	9.72393e-07
485	9.69672e-07
486	9.65506e-07
487	9.61045e-07
488	9.56987e-07
489	9.53754e-07
490	9.50778e-07
491	9.47379e-07
492	9.43567e-07
493	9.39915e-07
494	9.36388e-07
495	9.33202e-07
496	9.3003e-07
497	9.26674e-07
498	9.2323e-07
499	9.19849e-07
500	9.16579e-07
501	9.13416e-07
502	9.10205e-07
503	9.07044e-07
504	9.03728e-07
505	9.0063e-07
506	8.97464e-07
507	8.94431e-07
508	8.91246e-07
509	8.88202e-07
510	8.85138e-07
511	8.82057e-07
512	8.78987e-07
513	8.75983e-07
514	8.72928e-07
515	8.69939e-07
516	8.66882e-07
517	8.63925e-07
518	8.6095e-07
519	8.5802e-07
520	8.55023e-07
521	8.52069e-07
522	8.49074e-07
523	8.46131e-07
524	8.43232e-07
525	8.40323e-07
526	8.37329e-07
527	8.34376e-07
528	8.31412e-07
529	8.28482e-07
530	8.25535e-07
531	8.22575e-07
532	8.19679e-07
533	8.16723e-07
534	8.13828e-07
535	8.10832e-07
536	8.07863e-07
537	8.04912e-07
538	8.0194e-07
539	7.9894e-07
540	7.96041e-07
541	7.92958e-07
542	7.89929e-07
543	7.86887e-07
544	7.83913e-07
545	7.80877e-07
546	7.77869e-07
547	7.74766e-07
548	7.71751e-07
549	7.68626e-07
550	7.65634e-07
551	7.62544e-07
552	7.59489e-07
553	7.56374e-07
554	7.53407e-07
555	7.50268e-07
556	7.47232e-07
557	7.44106e-07
558	7.41112e-07
559	7.37987e-07
560	7.35016e-07
561	7.3191e-07
562	7.28915e-07
563	7.25907e-07
564	7.22838e-07
565	7.198e-07
566	7.16739e-07
567	7.13705e-07
568	7.10613e-07
569	7.07595e-07
570	7.04561e-07
571	7.01469e-07
572	6.98466e-07
573	6.95404e-07
574	6.92358e-07
575	6.89289e-07
576	6.86307e-07
577	6.83268e-07
578	6.80269e-07
579	6.77311e-07
580	6.74338e-07
581	6.71357e-07
582	6.68412e-07
583	6.65458e-07
584	6.62545e-07
585	6.59634e-07
586	6.56611e-07
587	6.53772e-07
588	6.50813e-07
589	6.4795e-07
590	6.45079e-07
591	6.4217e-07
592	6.39311e-07
593	6.36521e-07
594	6.33678e-07
595	6.3092e-07
596	6.28118e-07
597	6.25343e-07
598	6.22577e-07
599	6.19855e-07
600	6.17097e-07
601	6.14434e-07
602	6.117e-07
603	6.09043e-07
604	6.06349e-07
605	6.03683e-07
606	6.00958e-07
607	5.98358e-07
608	5.95748e-07
609	5.93165e-07
610	5.90583e-07
611	5.88047e-07
612	5.85489e-07
613	5.82941e-07
614	5.80415e-07
615	5.77866e-07
616	5.75288e-07
617	5.72845e-07
618	5.7024e-07
619	5.63979e-07
620	5.58769e-07
621	5.56963e-07
622	5.56811e-07
623	5.5578e-07
624	5.52718e-07
625	5.49006e-07
626	5.46067e-07
627	5.4412e-07
628	5.42421e-07
629	5.40312e-07
630	5.37521e-07
631	5.34864e-07
632	5.32475e-07
633	5.30383e-07
634	5.28212e-07
635	5.25951e-07
636	5.23403e-07
637	5.21012e-07
638	5.18678e-07
639	5.16484e-07
640	5.14159e-07
641	5.11886e-07
642	5.09486e-07
643	5.07186e-07
644	5.04904e-07
645	5.02661e-07
646	5.00385e-07
647	4.98125e-07
648	4.95801e-07
649	4.93572e-07
650	4.91309e-07
651	4.891e-07
652	4.86791e-07
653	4.84584e-07
654	4.82302e-07
655	4.80094e-07
656	4.7785e-07
657	4.75662e-07
658	9.97882e-07
659	9.9632e-07
660	9.9352e-07
661	9.88544e-07
662	9.81939e-07
663	9.76262e-07
664	9.72011e-07
665	9.68621e-07
666	9.64311e-07
667	9.59434e-07
668	9.5423e-07
669	9.49494e-07
670	9.45088e-07
671	9.40946e-07
672	9.36249e-07
673	9.31563e-07
674	9.26856e-07
675	9.22313e-07
676	9.17781e-07
677	9.13317e-07
678	9.08625e-07
679	9.04101e-07
680	8.99431e-07
681	8.94968e-07
682	8.90421e-07
683	8.85935e-07
684	8.81357e-07
685	8.76851e-07
686	8.72472e-07
687	8.67982e-07
688	8.6351e-07
689	8.59066e-07
690	8.54404e-07
691	8.50107e-07
692	8.45712e-07
693	8.41258e-07
694	8.36838e-07
695	8.32498e-07
696	8.28006e-07
697	8.23607e-07
698	8.19407e-07
699	8.14905e-07
700	8.10506e-07
701	8.06277e-07
702	8.01772e-07
703	7.97351e-07
704	7.93136e-07
705	7.88775e-07
706	7.84485e-07
707	7.80176e-07
708	7.75808e-07
709	7.71545e-07
710	7.67117e-07
711	7.62636e-07
712	7.58363e-07
713	7.54361e-07
714	7.50161e-07
715	7.4591e-07
716	7.41594e-07
717	7.3737e-07
718	7.33235e-07
719	7.2918e-07
720	7.24969e-07
721	7.20849e-07
722	7.16746e-07
723	7.1262e-07
724	7.08497e-07
725	7.04424e-07
726	7.00267e-07
727	6.96169e-07
728	6.92172e-07
729	6.88077e-07
730	6.84001e-07
731	6.80017e-07
732	6.75919e-07
733	6.71959e-07
734	6.68039e-07
735	6.63946e-07
736	6.50662e-07
737	6.39972e-07
738	6.373e-07
739	6.39048e-07
740	6.38594e-07
741	6.33444e-07
742	6.26364e-07
743	6.21184e-07
744	6.18281e-07
745	6.16387e-07
746	6.13214e-07
747	6.08713e-07
748	6.04026e-07
749	6.00187e-07
750	5.96987e-07
751	5.93956e-07
752	5.90311e-07
753	5.86304e-07
754	5.82504e-07
755	5.78881e-07
756	5.75391e-07
757	5.72001e-07
758	5.68384e-07
759	5.64749e-07
760	5.61127e-07
761	5.57786e-07
762	5.5431e-07
763	5.50873e-07
764	5.47378e-07
765	5.43841e-07
766	5.40415e-07
767	5.37099e-07
768	5.33659e-07
769	5.30318e-07
770	5.26903e-07
771	5.23535e-07
772	5.20184e-07
773	5.16788e-07
774	5.13494e-07
775	5.10173e-07
776	5.06942e-07
777	5.03562e-07
778	5.00314e-07
779	4.9718e-07
780	4.93807e-07
781	4.90547e-07
782	4.87358e-07
783	4.8414e-07
784	4.80953e-07
785	4.77769e-07
786	4.74565e-07
787	9.97736e-07
788	9.97507e-07
789	9.95315e-07
790	9.87964e-07
791	9.78017e-07
792	9.69273e-07
793	9.6407e-07
794	9.59958e-07
795	9.54487e-07
796	9.47728e-07
797	9.40188e-07
798	9.3341e-07
799	9.27775e-07
800	9.22346e-07
801	9.16204e-07
802	9.09974e-07
803	9.03601e-07
804	8.9754e-07
805	8.91672e-07
806	8.86081e-07
807	8.79958e-07
808	8.74059e-07
809	8.68122e-07
810	8.62141e-07
811	8.56475e-07
812	8.50797e-07
813	8.44968e-07
814	8.39301e-07
815	8.3369e-07
816	8.27757e-07
817	8.22483e-07
818	8.16979e-07
819	8.1119e-07
820	8.0579e-07
821	8.00403e-07
822	7.94991e-07
823	7.89502e-07
824	7.84243e-07
825	7.78878e-07
826	7.73593e-07
827	7.6824e-07
828	7.63017e-07
829	7.57659e-07
830	7.52494e-07
831	7.47304e-07
832	7.42279e-07
833	7.37338e-07
834	7.32226e-07
835	7.27259e-07
836	7.22351e-07
837	7.1723e-07
838	7.12388e-07
839	7.07508e-07
840	7.02703e-07
841	6.97875e-07
842	6.93305e-07
843	6.88341e-07
844	6.83747e-07
845	6.79102e-07
846	6.74067e-07
847	6.69181e-07
848	6.64674e-07
849	6.40544e-07
850	6.21929e-07
851	6.19963e-07
852	6.2814e-07
853	6.30961e-07
854	6.24051e-07
855	6.12831e-07
856	6.05259e-07
857	6.03407e-07
858	6.03492e-07
859	6.01319e-07
860	5.9607e-07
861	5.90351e-07
862	5.86137e-07
863	5.83571e-07
864	5.81281e-07
865	5.77884e-07
866	5.73591e-07
867	5.69432e-07
868	5.65783e-07
869	5.62763e-07
870	5.59388e-07
871	5.56227e-07
872	5.52519e-07
873	5.49084e-07
874	5.4576e-07
875	5.42736e-07
876	5.39447e-07
877	5.36218e-07
878	5.32808e-07
879	5.2965e-07
880	5.26421e-07
881	5.23363e-07
882	5.20148e-07
883	5.16981e-07
884	5.13821e-07
885	5.10659e-07
886	5.07692e-07
887	4.95908e-07
888	4.93795e-07
889	4.94542e-07
890	4.94967e-07
891	4.94538e-07
892	4.93088e-07
893	4.91467e-07
894	4.8966e-07
895	4.87877e-07
896	4.85747e-07
897	4.83461e-07
898	4.80684e-07
899	4.77839e-07
900	4.75127e-07
901	4.72353e-07
902	4.69495e-07
903	9.96466e-07
904	4.70077e-07
905	9.94091e-07
906	9.90146e-07
907	9.87962e-07
908	9.83813e-07
909	9.77467e-07
910	9.70026e-07
911	9.64174e-07
912	9.60225e-07
913	9.56427e-07
914	9.52017e-07
915	9.46771e-07
916	9.41088e-07
917	9.36438e-07
918	9.32349e-07
919	9.29841e-07
920	9.22909e-07
921	9.16311e-07
922	9.10259e-07
923	9.05321e-07
924	9.00804e-07
925	8.95943e-07
926	8.9109e-07
927	8.86221e-07
928	8.81062e-07
929	8.75903e-07
930	8.71953e-07
931	8.67094e-07
932	8.62371e-07
933	8.57736e-07
934	8.53249e-07
935	8.48695e-07
936	8.44167e-07
937	8.39667e-07
938	8.35027e-07
939	8.30725e-07
940	8.261e-07
941	8.21795e-07
942	8.17159e-07
943	8.12772e-07
944	8.08216e-07
945	8.04017e-07
946	7.99648e-07
947	7.95576e-07
948	7.91286e-07
949	7.87208e-07
950	7.82988e-07
951	7.79115e-07
952	7.75097e-07
953	7.71014e-07
954	7.66904e-07
955	7.63172e-07
956	7.59058e-07
957	7.55225e-07
958	7.51306e-07
959	7.47557e-07
960	7.43569e-07
961	6.965e-07
962	6.58806e-07
963	6.57064e-07
964	6.79543e-07
965	6.95048e-07
966	6.87398e-07
967	6.6854e-07
968	6.55288e-07
969	6.5486e-07
970	6.6068e-07
971	6.63574e-07
972	6.59468e-07
973	6.51905e-07
974	6.46287e-07
975	6.44406e-07
976	6.43258e-07
977	6.42093e-07
978	6.38254e-07
979	6.33861e-07
980	6.30038e-07
981	6.27871e-07
982	6.25792e-07
983	6.23688e-07
984	6.20765e-07
985	6.17912e-07
986	6.14897e-07
987	6.12687e-07
988	6.10065e-07
989	6.07903e-07
990	6.04843e-07
991	6.023e-07
992	5.995e-07
993	5.96887e-07
994	5.94312e-07
995	5.9189e-07
996	5.89084e-07
997	5.86579e-07
998	5.84034e-07
999	5.81443e-07
1000	5.78734e-07
