1	1
2	0.0223488
3	0.00969949
4	0.00664336
5	0.0103258
6	0.017624
7	0.0887627
8	0.0636459
9	0.0634423
10	0.26149
11	0.0459248
12	0.0356023
13	0.0516694
14	0.251585
15	0.0894862
16	0.110383
17	0.130165
18	0.0551284
19	0.0448892
20	0.0540797
21	0.0807238
22	0.0999051
23	0.0782803
24	0.0544799
25	0.0426836
26	0.0387167
27	0.0397966
28	0.0427872
29	0.0430196
30	0.0398975
31	0.0362001
32	0.033518
33	0.0320073
34	0.031209
35	0.0305253
36	0.0297123
37	0.028642
38	0.0274572
39	0.0264368
40	0.0256598
41	0.0250615
42	0.0244591
43	0.0239451
44	0.0232325
45	0.0225461
46	0.021914
47	0.0213769
48	0.0208914
49	0.0203589
50	0.0199073
51	0.0193812
52	0.0189412
53	0.018409
54	0.0179138
55	0.0174405
56	0.0170346
57	0.0166873
58	0.0163227
59	0.0159088
60	0.0155562
61	0.0151724
62	0.0148288
63	0.0144536
64	0.0141473
65	0.0138462
66	0.0134999
67	0.0132158
68	0.0129433
69	0.0127269
70	0.0125116
71	0.012251
72	0.0119969
73	0.0117708
74	0.0115296
75	0.011294
76	0.01108
77	0.0108501
78	0.0106732
79	0.0105353
80	0.0104115
81	0.0102759
82	0.0100754
83	0.00989458
84	0.00970393
85	0.00954931
86	0.00939823
87	0.0092875
88	0.0091749
89	0.00905517
90	0.00893471
91	0.00885086
92	0.00874773
93	0.008647
94	0.00853449
95	0.00840461
96	0.00826437
97	0.00813459
98	0.00801701
99	0.00790074
100	0.00778318
101	0.00767277
102	0.00757841
103	0.00747706
104	0.00737986
105	0.00726026
106	0.0071652
107	0.00705567
108	0.00695847
109	0.00686126
110	0.00677269
111	0.00668403
112	0.00660025
113	0.00653454
114	0.00647118
115	0.00640144
116	0.00632758
117	0.00625033
118	0.00617774
119	0.00609941
120	0.00604311
121	0.00598256
122	0.0059212
123	0.00586217
124	0.00579965
125	0.00573574
126	0.00567784
127	0.00562636
128	0.00557216
129	0.00551605
130	0.00546598
131	0.0054153
132	0.00536997
133	0.00532836
134	0.00528507
135	0.00524445
136	0.00519984
137	0.00515549
138	0.00510766
139	0.00506627
140	0.00502211
141	0.00498438
142	0.00494798
143	0.00490625
144	0.00486186
145	0.00481985
146	0.00477841
147	0.00474587
148	0.00470593
149	0.00466418
150	0.00462838
151	0.00459368
152	0.00456142
153	0.00453793
154	0.00450751
155	0.00447773
156	0.00444447
157	0.00441164
158	0.00437735
159	0.00434428
160	0.00431375
161	0.00428507
162	0.00425619
163	0.00422447
164	0.00419729
165	0.00417389
166	0.00415282
167	0.00413062
168	0.00410903
169	0.00408495
170	0.00405624
171	0.00402781
172	0.00400375
173	0.00397898
174	0.00395658
175	0.00393532
176	0.00391396
177	0.003898
178	0.00387783
179	0.00385689
180	0.00384058
181	0.00381818
182	0.00379771
183	0.00378008
184	0.00376526
185	0.00375319
186	0.00374331
187	0.00372798
188	0.00371571
189	0.00370141
190	0.00368902
191	0.00367516
192	0.00366344
193	0.00364976
194	0.0036417
195	0.00363045
196	0.00361623
197	0.00360978
198	0.00360273
199	0.00359037
200	0.00357615
201	0.00356348
202	0.00354813
203	0.00353642
204	0.003525
205	0.00351711
206	0.00350902
207	0.0034939
208	0.00348049
209	0.00346806
210	0.00345714
211	0.00344687
212	0.00343905
213	0.00343433
214	0.00342677
215	0.00341635
216	0.00340345
217	0.00338766
218	0.0033756
219	0.00336423
220	0.00335288
221	0.00334192
222	0.00333135
223	0.0033207
224	0.00330965
225	0.00330314
226	0.00329792
227	0.00329326
228	0.00328736
229	0.00328036
230	0.00327279
231	0.00326248
232	0.00325325
233	0.00324488
234	0.00323397
235	0.00322263
236	0.00321199
237	0.0032021
238	0.00319263
239	0.00318328
240	0.00317526
241	0.00316588
242	0.00315796
243	0.00315116
244	0.00314537
245	0.00313881
246	0.00313244
247	0.00312482
248	0.00311469
249	0.0031046
250	0.00309438
251	0.00308349
252	0.0030744
253	0.00306565
254	0.00305683
255	0.00304648
256	0.00303679
257	0.00302687
258	0.00301822
259	0.00300979
260	0.00300181
261	0.0029912
262	0.00298146
263	0.00297326
264	0.0029645
265	0.0029554
266	0.00294434
267	0.0029332
268	0.00292261
269	0.00291235
270	0.00290245
271	0.00289188
272	0.00288329
273	0.00287544
274	0.00286584
275	0.0028555
276	0.00284586
277	0.00283545
278	0.00282334
279	0.00281419
280	0.00280633
281	0.00279846
282	0.00279176
283	0.00278434
284	0.00277561
285	0.00276783
286	0.00276034
287	0.00275266
288	0.00274417
289	0.00273592
290	0.00272689
291	0.00271808
292	0.00271046
293	0.00270275
294	0.00269596
295	0.00268796
296	0.00268228
297	0.00267861
298	0.00267534
299	0.00267153
300	0.00266718
301	0.00266004
302	0.00265232
303	0.00264655
304	0.00264174
305	0.00263505
306	0.00262929
307	0.00262363
308	0.0026174
309	0.00261176
310	0.00260539
311	0.00259863
312	0.00259249
313	0.00258812
314	0.00258288
315	0.00257758
316	0.00257186
317	0.00256585
318	0.00256292
319	0.00255959
320	0.00255519
321	0.0025511
322	0.00254619
323	0.00254024
324	0.00253356
325	0.00252787
326	0.00252044
327	0.00251329
328	0.00250759
329	0.00250173
330	0.00249679
331	0.00249415
332	0.00249112
333	0.00248705
334	0.00248432
335	0.00248005
336	0.00247374
337	0.00246949
338	0.00246489
339	0.00245934
340	0.00245617
341	0.00245223
342	0.00244676
343	0.0024412
344	0.00243526
345	0.00242999
346	0.00242482
347	0.00241998
348	0.00241426
349	0.00240964
350	0.00240558
351	0.00240174
352	0.00239792
353	0.0023937
354	0.00238881
355	0.00238542
356	0.00238326
357	0.00238107
358	0.0023789
359	0.00237632
360	0.00237291
361	0.00236949
362	0.00236604
363	0.00236334
364	0.00236212
365	0.00236031
366	0.00235576
367	0.00235125
368	0.00234845
369	0.00234626
370	0.00234234
371	0.00233801
372	0.00233472
373	0.00233173
374	0.00232944
375	0.00232735
376	0.00232579
377	0.0023233
378	0.00232066
379	0.00231814
380	0.00231731
381	0.00231781
382	0.00231855
383	0.00231803
384	0.00231598
385	0.00231287
386	0.00230981
387	0.00230688
388	0.00230431
389	0.00230128
390	0.00229809
391	0.002295
392	0.00229154
393	0.00228796
394	0.00228445
395	0.00228061
396	0.0022773
397	0.00227369
398	0.00227024
399	0.00226731
400	0.00226729
401	0.0022658
402	0.00226551
403	0.00226459
404	0.00226418
405	0.00226375
406	0.00226203
407	0.00225978
408	0.00225566
409	0.00225181
410	0.00224684
411	0.00224117
412	0.0022376
413	0.00223606
414	0.00223487
415	0.00223364
416	0.00223238
417	0.00222892
418	0.00222514
419	0.00222244
420	0.00221995
421	0.00221714
422	0.00221433
423	0.00221228
424	0.00221014
425	0.00220921
426	0.00220739
427	0.00220585
428	0.00220511
429	0.00220462
430	0.0022023
431	0.00219835
432	0.00219335
433	0.0021882
434	0.00218477
435	0.00218084
436	0.00217657
437	0.00217169
438	0.00216827
439	0.00216456
440	0.0021595
441	0.00215555
442	0.00215109
443	0.00214561
444	0.00214218
445	0.00213936
446	0.00213517
447	0.00213175
448	0.00213017
449	0.00212842
450	0.00212517
451	0.00212266
452	0.00212045
453	0.00211765
454	0.00211447
455	0.00211072
456	0.00210854
457	0.00210589
458	0.00210283
459	0.00210089
460	0.00209991
461	0.00209839
462	0.00209755
463	0.00209748
464	0.00209578
465	0.00209285
466	0.00208937
467	0.00208742
468	0.00208508
469	0.00208358
470	0.00208031
471	0.00207663
472	0.00207537
473	0.00207379
474	0.00207231
475	0.00206979
476	0.00206684
477	0.00206439
478	0.00206168
479	0.00205892
480	0.00205589
481	0.0020542
482	0.00205307
483	0.0020518
484	0.0020494
485	0.00204756
486	0.00204533
487	0.00204305
488	0.00204104
489	0.0020389
490	0.00203655
491	0.00203453
492	0.00203287
493	0.002032
494	0.00203037
495	0.00202856
496	0.00202753
497	0.00202725
498	0.00202576
499	0.00202387
500	0.00202206
501	0.00202024
502	0.00201809
503	0.00201588
504	0.00201293
505	0.00201019
506	0.00200904
507	0.00200737
508	0.00200585
509	0.00200513
510	0.00200507
511	0.00200337
512	0.00200178
513	0.00199943
514	0.00199729
515	0.0019953
516	0.00199342
517	0.00199159
518	0.00198928
519	0.00198707
520	0.00198369
521	0.00198086
522	0.00197784
523	0.00197474
524	0.00197162
525	0.00196854
526	0.00196528
527	0.00196312
528	0.00196162
529	0.00195968
530	0.00195798
531	0.00195477
532	0.00195056
533	0.00194735
534	0.00194463
535	0.00194267
536	0.00194056
537	0.00193821
538	0.00193701
539	0.00193461
540	0.0019322
541	0.00192807
542	0.00192477
543	0.00192137
544	0.00191866
545	0.00191556
546	0.00191184
547	0.00190845
548	0.00190512
549	0.00190194
550	0.00189962
551	0.00189713
552	0.00189459
553	0.00189281
554	0.00189008
555	0.00188711
556	0.00188528
557	0.00188376
558	0.00188149
559	0.00187989
560	0.00187824
561	0.00187587
562	0.00187352
563	0.00187033
564	0.00186698
565	0.00186483
566	0.00186138
567	0.00185819
568	0.00185631
569	0.00185399
570	0.00185249
571	0.00185165
572	0.00185114
573	0.0018501
574	0.00184907
575	0.00184693
576	0.00184497
577	0.00184376
578	0.00184241
579	0.00184032
580	0.00183831
581	0.00183641
582	0.00183431
583	0.00183221
584	0.00183111
585	0.00183012
586	0.00182879
587	0.00182711
588	0.00182647
589	0.00182636
590	0.00182581
591	0.0018256
592	0.00182397
593	0.00182155
594	0.00182
595	0.00181933
596	0.00181906
597	0.00181929
598	0.00181856
599	0.00181706
600	0.00181556
601	0.00181426
602	0.00181301
603	0.00181177
604	0.00180926
605	0.00180724
606	0.00180608
607	0.00180569
608	0.00180568
609	0.00180551
610	0.00180499
611	0.00180432
612	0.00180277
613	0.00180119
614	0.00180049
615	0.00179936
616	0.00179752
617	0.00179575
618	0.00179392
619	0.00179195
620	0.00179164
621	0.00179055
622	0.00178988
623	0.00178914
624	0.00178869
625	0.00178821
626	0.00178606
627	0.00178336
628	0.00178085
629	0.00177852
630	0.00177659
631	0.00177475
632	0.00177285
633	0.00177196
634	0.00177235
635	0.00177181
636	0.00177132
637	0.00176883
638	0.00176701
639	0.00176473
640	0.00176363
641	0.00176311
642	0.00176261
643	0.00176209
644	0.00176096
645	0.00175895
646	0.00175598
647	0.00175336
648	0.00175143
649	0.00175046
650	0.00174908
651	0.0017483
652	0.00174611
653	0.0017448
654	0.00174261
655	0.00174075
656	0.00173934
657	0.00173861
658	0.00173675
659	0.00173424
660	0.00173234
661	0.00173063
662	0.00172944
663	0.00172873
664	0.00172658
665	0.00172419
666	0.00172246
667	0.00172087
668	0.00171938
669	0.00171737
670	0.00171654
671	0.00171564
672	0.00171532
673	0.00171512
674	0.00171391
675	0.00171285
676	0.00171151
677	0.00171051
678	0.00171046
679	0.00170932
680	0.00170849
681	0.00170704
682	0.00170494
683	0.00170368
684	0.00170232
685	0.00170189
686	0.00170182
687	0.00170246
688	0.00170283
689	0.00170256
690	0.00170139
691	0.0017008
692	0.00170013
693	0.00170098
694	0.001703
695	0.00170449
696	0.00170532
697	0.00170402
698	0.00170253
699	0.00170126
700	0.00170087
701	0.00170013
702	0.00169829
703	0.00169803
704	0.00169766
705	0.00169709
706	0.00169709
707	0.00169731
708	0.0016976
709	0.00169775
710	0.00169681
711	0.00169589
712	0.00169608
713	0.00169699
714	0.00169886
715	0.00170074
716	0.00170012
717	0.00169903
718	0.00169924
719	0.00169957
720	0.00169991
721	0.0016997
722	0.00169997
723	0.00169963
724	0.00170024
725	0.00170001
726	0.00170067
727	0.0017006
728	0.0017023
729	0.0017038
730	0.0017063
731	0.00170732
732	0.00170809
733	0.00170855
734	0.00171015
735	0.00171211
736	0.00171513
737	0.00171712
738	0.00171824
739	0.00171777
740	0.00171741
741	0.00171756
742	0.00171803
743	0.00172033
744	0.0017232
745	0.00172479
746	0.00172626
747	0.00172726
748	0.00173025
749	0.00173294
750	0.00173535
751	0.00173902
752	0.00174189
753	0.00174466
754	0.00174711
755	0.00174815
756	0.00174834
757	0.00174938
758	0.00175218
759	0.00175514
760	0.00175748
761	0.00175949
762	0.00176067
763	0.00176311
764	0.00176573
765	0.00176893
766	0.00177079
767	0.0017735
768	0.00177539
769	0.00177772
770	0.00177873
771	0.00178115
772	0.00178463
773	0.00178807
774	0.00178983
775	0.00179142
776	0.00179415
777	0.00179774
778	0.00180097
779	0.00180564
780	0.00180976
781	0.00181456
782	0.00181622
783	0.00181836
784	0.00182
785	0.00182203
786	0.00182398
787	0.00182843
788	0.0018316
789	0.00183369
790	0.00183452
791	0.0018372
792	0.00183997
793	0.0018442
794	0.00184509
795	0.00184655
796	0.00184828
797	0.00185249
798	0.00185466
799	0.00185758
800	0.00186037
801	0.00186581
802	0.00186897
803	0.00187361
804	0.00187641
805	0.00188053
806	0.00188487
807	0.00188963
808	0.00189243
809	0.00189527
810	0.00189761
811	0.00190157
812	0.00190276
813	0.00190553
814	0.0019084
815	0.00191281
816	0.00191594
817	0.00192137
818	0.00192465
819	0.00192852
820	0.00193125
821	0.00193519
822	0.0019376
823	0.00194234
824	0.00194521
825	0.00194942
826	0.00195394
827	0.00195756
828	0.00195861
829	0.00196314
830	0.00196773
831	0.00197274
832	0.00197583
833	0.00198021
834	0.00198355
835	0.00198975
836	0.00199159
837	0.00199643
838	0.00199913
839	0.00200532
840	0.00200881
841	0.00201609
842	0.00202081
843	0.00202845
844	0.00203349
845	0.00203924
846	0.00204207
847	0.00204759
848	0.00205303
849	0.002061
850	0.00206597
851	0.00207285
852	0.00207761
853	0.00208506
854	0.00208969
855	0.00209724
856	0.00210195
857	0.00211206
858	0.0021174
859	0.00212584
860	0.00213179
861	0.00214055
862	0.00214618
863	0.00215406
864	0.00215906
865	0.00216668
866	0.00217229
867	0.00218044
868	0.00218524
869	0.00219448
870	0.00220007
871	0.00220704
872	0.00220737
873	0.00220586
874	0.00219956
875	0.0021946
876	0.00218238
877	0.0021718
878	0.00215859
879	0.00214857
880	0.00213572
881	0.00212762
882	0.00211619
883	0.00210635
884	0.00209132
885	0.00207676
886	0.00205849
887	0.00204276
888	0.00202502
889	0.00201115
890	0.00199322
891	0.00197721
892	0.00195938
893	0.00194309
894	0.00192381
895	0.00190729
896	0.00188951
897	0.00187528
898	0.00185746
899	0.00184158
900	0.00182295
901	0.00180879
902	0.00179188
903	0.00177729
904	0.00176134
905	0.00174699
906	0.00173159
907	0.00171872
908	0.00170355
909	0.00169008
910	0.00167595
911	0.00166332
912	0.00164935
913	0.00163735
914	0.00162489
915	0.00161303
916	0.00159968
917	0.0015876
918	0.00157796
919	0.00157718
920	0.00157208
921	0.00156223
922	0.00154661
923	0.00153188
924	0.0015154
925	0.00150185
926	0.00148664
927	0.00147501
928	0.00146258
929	0.00145232
930	0.00144021
931	0.00143004
932	0.00141849
933	0.00140689
934	0.00139457
935	0.00138475
936	0.00137408
937	0.00136414
938	0.00135174
939	0.00134129
940	0.00133164
941	0.00132232
942	0.0013114
943	0.00130189
944	0.00129244
945	0.00128449
946	0.00127441
947	0.00126512
948	0.00125538
949	0.00124609
950	0.00123563
951	0.00122631
952	0.00121617
953	0.00120793
954	0.00119775
955	0.00118734
956	0.00117631
957	0.00116752
958	0.0011584
959	0.0011509
960	0.0011413
961	0.00113358
962	0.0011252
963	0.00111781
964	0.00110843
965	0.0011008
966	0.0010925
967	0.00108528
968	0.00107632
969	0.00106846
970	0.00106054
971	0.00105346
972	0.00104494
973	0.00103747
974	0.00102911
975	0.00102194
976	0.001014
977	0.00100744
978	0.000999026
979	0.000991802
980	0.000984315
981	0.000977618
982	0.000969861
983	0.0009624
984	0.00095505
985	0.000948169
986	0.000940185
987	0.000933651
988	0.000926653
989	0.00092075
990	0.000912852
991	0.000906019
992	0.000897982
993	0.000890883
994	0.000882714
995	0.000875622
996	0.000867948
997	0.000861063
998	0.000853838
999	0.000846878
1000	0.000839583
