1	0.000658436
2	2.20735e-05
3	6.07536e-06
4	4.98408e-06
5	7.5543e-06
6	1.34444e-05
7	6.51952e-05
8	5.49473e-05
9	5.74271e-05
10	0.000232436
11	3.28778e-05
12	3.34925e-05
13	3.16076e-05
14	0.000152413
15	7.54262e-05
16	7.57289e-05
17	7.15529e-05
18	3.19999e-05
19	3.88363e-05
20	4.90122e-05
21	6.61665e-05
22	7.53113e-05
23	7.44081e-05
24	4.50516e-05
25	4.10159e-05
26	3.69627e-05
27	3.87748e-05
28	2.42565e-05
29	2.37667e-05
30	2.78485e-05
31	2.27741e-05
32	3.14315e-05
33	2.00898e-05
34	1.81844e-05
35	2.79792e-05
36	2.70319e-05
37	2.46081e-05
38	2.66803e-05
39	1.31554e-05
40	1.29666e-05
41	1.3233e-05
42	1.32108e-05
43	1.24617e-05
44	1.20829e-05
45	1.20994e-05
46	1.21308e-05
47	1.20241e-05
48	1.17633e-05
49	1.13703e-05
50	1.10458e-05
51	1.08778e-05
52	1.08694e-05
53	1.0912e-05
54	1.10185e-05
55	1.10619e-05
56	1.10651e-05
57	1.1061e-05
58	1.1023e-05
59	1.10226e-05
60	1.09849e-05
61	1.09141e-05
62	1.08927e-05
63	1.09133e-05
64	1.09811e-05
65	1.09573e-05
66	1.09244e-05
67	1.07946e-05
68	1.06837e-05
69	1.04805e-05
70	1.02872e-05
71	1.01104e-05
72	1.00027e-05
73	9.88383e-06
74	9.80417e-06
75	9.71127e-06
76	9.62459e-06
77	9.54597e-06
78	9.44653e-06
79	9.35782e-06
80	9.26922e-06
81	9.17821e-06
82	9.06006e-06
83	9.00105e-06
84	8.91904e-06
85	8.7904e-06
86	8.66579e-06
87	8.57139e-06
88	8.48727e-06
89	8.43213e-06
90	8.34319e-06
91	8.23794e-06
92	8.09299e-06
93	7.92008e-06
94	7.77516e-06
95	7.63341e-06
96	7.48407e-06
97	7.35354e-06
98	7.21182e-06
99	7.04846e-06
100	6.8939e-06
101	6.7481e-06
102	6.61695e-06
103	6.49928e-06
104	6.38197e-06
105	6.29263e-06
106	6.20153e-06
107	6.12359e-06
108	6.05679e-06
109	5.99612e-06
110	5.93872e-06
111	5.84849e-06
112	5.72814e-06
113	5.63712e-06
114	5.53881e-06
115	5.46111e-06
116	5.40481e-06
117	5.34937e-06
118	5.27092e-06
119	5.18502e-06
120	5.09147e-06
121	5.01949e-06
122	4.96224e-06
123	4.91788e-06
124	4.87118e-06
125	4.83082e-06
126	4.81304e-06
127	4.81666e-06
128	4.82983e-06
129	4.85067e-06
130	4.86711e-06
131	4.89603e-06
132	4.92729e-06
133	4.96967e-06
134	5.00163e-06
135	5.05194e-06
136	5.08676e-06
137	5.10055e-06
138	2.71305e-06
139	2.72182e-06
140	2.71909e-06
141	2.71181e-06
142	2.71523e-06
143	2.70232e-06
144	2.69121e-06
145	2.68475e-06
146	2.67997e-06
147	2.67606e-06
148	2.67409e-06
149	2.66681e-06
150	2.6582e-06
151	2.64601e-06
152	2.63048e-06
153	2.60889e-06
154	2.58435e-06
155	2.56284e-06
156	2.54132e-06
157	2.52132e-06
158	2.49906e-06
159	2.47601e-06
160	2.44951e-06
161	2.42764e-06
162	2.3984e-06
163	2.37285e-06
164	2.34656e-06
165	2.32051e-06
166	2.29732e-06
167	2.28078e-06
168	2.27065e-06
169	2.26658e-06
170	2.26222e-06
171	2.26207e-06
172	2.25853e-06
173	2.26149e-06
174	2.26371e-06
175	2.26816e-06
176	2.26972e-06
177	2.27248e-06
178	2.27189e-06
179	2.27441e-06
180	2.2709e-06
181	2.27056e-06
182	2.26602e-06
183	2.26585e-06
184	2.27049e-06
185	2.27729e-06
186	2.28266e-06
187	2.29042e-06
188	2.30273e-06
189	2.31702e-06
190	2.33264e-06
191	2.34417e-06
192	2.34793e-06
193	2.34568e-06
194	2.34605e-06
195	2.35415e-06
196	2.3644e-06
197	2.37098e-06
198	2.37603e-06
199	2.38016e-06
200	2.38052e-06
201	2.38456e-06
202	2.39019e-06
203	2.39555e-06
204	2.3956e-06
205	2.38908e-06
206	2.3801e-06
207	2.37259e-06
208	2.36997e-06
209	2.37041e-06
210	2.37497e-06
211	2.37766e-06
212	2.37754e-06
213	2.37566e-06
214	2.37171e-06
215	2.36525e-06
216	2.35765e-06
217	2.34838e-06
218	2.33722e-06
219	2.32393e-06
220	2.3103e-06
221	2.29677e-06
222	2.28447e-06
223	2.27186e-06
224	2.25913e-06
225	2.24494e-06
226	2.23072e-06
227	2.21695e-06
228	2.2013e-06
229	2.1849e-06
230	2.16724e-06
231	2.14923e-06
232	2.13093e-06
233	2.11232e-06
234	2.09363e-06
235	2.07391e-06
236	2.05202e-06
237	2.02924e-06
238	2.00551e-06
239	1.98241e-06
240	1.9601e-06
241	1.94051e-06
242	1.92106e-06
243	1.90072e-06
244	1.87913e-06
245	1.85725e-06
246	1.83395e-06
247	1.80949e-06
248	1.78504e-06
249	1.76157e-06
250	1.73791e-06
251	1.71538e-06
252	1.69323e-06
253	1.66995e-06
254	1.64558e-06
255	1.62175e-06
256	3.03157e-06
257	2.99927e-06
258	2.96601e-06
259	2.93259e-06
260	2.89852e-06
261	2.86645e-06
262	2.83463e-06
263	2.80503e-06
264	2.77824e-06
265	2.75318e-06
266	2.72989e-06
267	2.70746e-06
268	2.68605e-06
269	2.66753e-06
270	2.65152e-06
271	2.63763e-06
272	2.62639e-06
273	2.61591e-06
274	2.60779e-06
275	2.60349e-06
276	2.59889e-06
277	2.59445e-06
278	2.59024e-06
279	2.5884e-06
280	2.58988e-06
281	2.59264e-06
282	2.59507e-06
283	2.59663e-06
284	2.60073e-06
285	2.60745e-06
286	2.61491e-06
287	2.62191e-06
288	2.62756e-06
289	2.63289e-06
290	2.63876e-06
291	2.64349e-06
292	2.64741e-06
293	2.65098e-06
294	2.65366e-06
295	2.65586e-06
296	2.65832e-06
297	2.66052e-06
298	2.66336e-06
299	2.66606e-06
300	1.34992e-06
301	1.3525e-06
302	1.35571e-06
303	1.35945e-06
304	1.36347e-06
305	1.36748e-06
306	1.37136e-06
307	1.3755e-06
308	1.381e-06
309	1.38635e-06
310	1.39285e-06
311	1.39887e-06
312	1.40404e-06
313	1.40888e-06
314	1.41318e-06
315	1.41676e-06
316	1.4219e-06
317	1.42714e-06
318	1.43154e-06
319	1.43548e-06
320	1.43871e-06
321	1.44207e-06
322	1.44386e-06
323	1.44558e-06
324	1.44862e-06
325	1.45277e-06
326	1.45788e-06
327	1.46278e-06
328	1.4653e-06
329	1.46534e-06
330	1.4656e-06
331	1.46622e-06
332	1.46835e-06
333	1.47198e-06
334	1.47504e-06
335	1.47707e-06
336	1.47807e-06
337	1.4787e-06
338	1.47718e-06
339	1.47142e-06
340	1.46253e-06
341	1.45411e-06
342	1.44659e-06
343	1.44122e-06
344	1.43765e-06
345	1.43657e-06
346	1.43571e-06
347	1.43496e-06
348	1.43112e-06
349	1.42621e-06
350	1.42037e-06
351	1.41532e-06
352	1.40903e-06
353	1.40355e-06
354	1.39824e-06
355	1.39259e-06
356	1.3871e-06
357	1.38222e-06
358	1.37892e-06
359	1.37677e-06
360	1.37344e-06
361	1.37038e-06
362	1.36866e-06
363	1.36638e-06
364	1.36601e-06
365	1.3654e-06
366	1.36453e-06
367	1.36338e-06
368	1.36192e-06
369	1.36064e-06
370	1.3603e-06
371	1.36051e-06
372	1.36037e-06
373	1.35993e-06
374	1.36039e-06
375	1.36084e-06
376	1.36143e-06
377	1.3644e-06
378	1.36584e-06
379	1.36667e-06
380	1.36711e-06
381	1.36857e-06
382	1.37076e-06
383	1.3727e-06
384	1.37599e-06
385	1.37873e-06
386	1.38004e-06
387	1.38165e-06
388	1.38407e-06
389	1.38719e-06
390	1.3914e-06
391	1.39488e-06
392	1.39861e-06
393	1.40138e-06
394	1.40303e-06
395	1.40536e-06
396	1.40884e-06
397	1.41226e-06
398	1.41542e-06
399	1.41977e-06
400	1.42428e-06
401	1.42892e-06
402	1.43281e-06
403	1.43543e-06
404	1.43796e-06
405	1.43874e-06
406	1.44074e-06
407	1.44357e-06
408	1.44747e-06
409	1.45208e-06
410	1.45811e-06
411	1.4639e-06
412	1.46929e-06
413	1.47273e-06
414	1.4756e-06
415	1.47998e-06
416	1.48592e-06
417	1.49154e-06
418	1.49696e-06
419	1.50204e-06
420	1.50682e-06
421	1.51274e-06
422	1.51869e-06
423	1.52451e-06
424	1.52911e-06
425	1.53477e-06
426	1.53958e-06
427	1.54386e-06
428	1.54866e-06
429	1.55494e-06
430	1.56086e-06
431	1.56707e-06
432	1.57189e-06
433	1.5739e-06
434	1.57448e-06
435	1.57779e-06
436	1.58109e-06
437	1.58264e-06
438	1.58298e-06
439	1.58191e-06
440	1.58182e-06
441	1.58232e-06
442	1.58244e-06
443	1.58215e-06
444	1.57971e-06
445	1.57652e-06
446	1.57553e-06
447	1.56918e-06
448	1.56769e-06
449	1.56691e-06
450	1.56721e-06
451	1.56496e-06
452	1.5643e-06
453	1.56477e-06
454	1.56218e-06
455	1.56019e-06
456	1.55955e-06
457	1.55825e-06
458	1.55858e-06
459	1.55757e-06
460	1.55584e-06
461	1.55268e-06
462	1.549e-06
463	1.54662e-06
464	1.54313e-06
465	1.54122e-06
466	1.53987e-06
467	1.53824e-06
468	1.53521e-06
469	1.53358e-06
470	1.534e-06
471	1.53349e-06
472	1.53209e-06
473	1.52991e-06
474	1.52852e-06
475	1.52873e-06
476	1.53151e-06
477	1.53406e-06
478	1.53565e-06
479	1.54029e-06
480	1.54525e-06
481	1.55127e-06
482	1.55728e-06
483	1.56427e-06
484	1.57149e-06
485	1.57919e-06
486	1.58935e-06
487	1.60141e-06
488	1.61362e-06
489	1.62631e-06
490	1.63859e-06
491	1.64933e-06
492	1.65788e-06
493	1.66522e-06
494	1.67315e-06
495	1.68095e-06
496	1.68841e-06
497	1.69555e-06
498	1.70145e-06
499	1.7065e-06
500	1.71196e-06
501	1.71697e-06
502	1.72156e-06
503	1.72598e-06
504	1.7289e-06
505	1.73091e-06
506	1.73323e-06
507	1.73524e-06
508	1.73741e-06
509	1.7401e-06
510	1.74228e-06
511	1.74476e-06
512	1.74745e-06
513	1.74972e-06
514	1.75104e-06
515	1.75151e-06
516	1.75055e-06
517	1.7497e-06
518	1.74818e-06
519	1.74652e-06
520	1.74518e-06
521	1.74298e-06
522	1.74022e-06
523	1.7364e-06
524	1.73281e-06
525	1.72831e-06
526	1.72361e-06
527	1.71918e-06
528	1.71507e-06
529	1.71004e-06
530	1.7038e-06
531	1.69682e-06
532	1.69014e-06
533	1.68437e-06
534	1.6778e-06
535	1.67063e-06
536	1.66278e-06
537	1.65449e-06
538	1.64591e-06
539	1.63877e-06
540	1.63139e-06
541	1.62471e-06
542	1.61804e-06
543	1.61139e-06
544	1.60375e-06
545	1.59471e-06
546	1.58435e-06
547	1.57447e-06
548	1.56502e-06
549	1.55479e-06
550	1.54366e-06
551	1.53202e-06
552	1.52024e-06
553	1.50838e-06
554	1.4956e-06
555	1.4823e-06
556	1.46883e-06
557	1.45453e-06
558	1.44024e-06
559	1.42623e-06
560	1.41294e-06
561	1.40041e-06
562	1.38858e-06
563	1.3754e-06
564	1.3615e-06
565	1.34794e-06
566	1.3369e-06
567	1.32669e-06
568	1.31666e-06
569	1.30715e-06
570	1.29825e-06
571	1.29053e-06
572	1.28235e-06
573	1.27576e-06
574	1.27046e-06
575	1.26618e-06
576	1.26264e-06
577	1.26046e-06
578	1.25817e-06
579	1.25608e-06
580	1.25486e-06
581	1.255e-06
582	1.25637e-06
583	1.2586e-06
584	1.26155e-06
585	1.26615e-06
586	1.27021e-06
587	1.27415e-06
588	1.277e-06
589	1.27749e-06
590	1.27672e-06
591	1.27601e-06
592	1.27559e-06
593	1.27611e-06
594	1.27758e-06
595	1.27872e-06
596	1.27903e-06
597	1.27822e-06
598	1.27766e-06
599	1.27829e-06
600	1.27924e-06
601	1.28061e-06
602	1.28185e-06
603	1.28336e-06
604	1.28545e-06
605	1.28795e-06
606	1.28921e-06
607	1.2897e-06
608	1.28876e-06
609	1.28839e-06
610	1.28891e-06
611	1.28945e-06
612	1.28924e-06
613	1.2882e-06
614	1.28649e-06
615	1.28547e-06
616	1.28549e-06
617	1.28581e-06
618	1.28715e-06
619	1.28928e-06
620	1.29103e-06
621	1.29235e-06
622	1.29376e-06
623	1.29438e-06
624	1.2945e-06
625	1.29399e-06
626	1.29473e-06
627	1.29663e-06
628	1.29853e-06
629	1.29932e-06
630	1.29846e-06
631	1.2968e-06
632	1.29622e-06
633	1.29712e-06
634	1.29881e-06
635	1.30065e-06
636	1.30226e-06
637	1.30382e-06
638	1.30519e-06
639	1.3063e-06
640	1.30756e-06
641	1.30919e-06
642	1.30935e-06
643	1.3096e-06
644	1.31028e-06
645	1.31111e-06
646	1.31231e-06
647	1.31315e-06
648	1.31438e-06
649	1.31473e-06
650	1.31578e-06
651	1.31752e-06
652	1.32042e-06
653	1.32465e-06
654	1.3294e-06
655	1.33377e-06
656	1.33752e-06
657	1.34081e-06
658	1.34397e-06
659	1.34703e-06
660	1.35153e-06
661	1.35793e-06
662	1.36435e-06
663	1.37018e-06
664	1.37398e-06
665	1.37745e-06
666	1.38191e-06
667	1.3876e-06
668	1.39324e-06
669	1.39857e-06
670	1.40448e-06
671	1.41116e-06
672	1.4176e-06
673	1.42302e-06
674	1.42844e-06
675	1.43486e-06
676	1.44181e-06
677	1.44984e-06
678	1.4588e-06
679	1.46782e-06
680	1.47589e-06
681	1.48355e-06
682	1.49181e-06
683	1.50011e-06
684	1.50884e-06
685	1.51781e-06
686	1.52744e-06
687	1.53586e-06
688	1.54354e-06
689	1.55102e-06
690	1.56093e-06
691	1.57374e-06
692	1.58853e-06
693	1.60148e-06
694	1.61012e-06
695	1.61687e-06
696	1.6239e-06
697	1.63274e-06
698	1.64148e-06
699	1.65122e-06
700	1.65967e-06
701	1.66763e-06
702	1.67538e-06
703	1.68475e-06
704	1.69406e-06
705	9.17077e-07
706	9.21935e-07
707	9.27354e-07
708	9.33959e-07
709	9.41385e-07
710	9.48445e-07
711	9.55774e-07
712	9.62372e-07
713	9.69171e-07
714	9.75861e-07
715	9.82842e-07
716	9.90557e-07
717	9.96936e-07
718	1.00264e-06
719	1.00703e-06
720	1.01112e-06
721	1.01665e-06
722	1.02245e-06
723	1.02839e-06
724	1.03538e-06
725	1.04366e-06
726	1.05197e-06
727	1.05928e-06
728	1.065e-06
729	1.06918e-06
730	1.07372e-06
731	1.07929e-06
732	1.08524e-06
733	1.09075e-06
734	1.09619e-06
735	1.10177e-06
736	1.10694e-06
737	1.11233e-06
738	1.11822e-06
739	1.12453e-06
740	1.12945e-06
741	1.13311e-06
742	1.13552e-06
743	1.13891e-06
744	1.14251e-06
745	1.14671e-06
746	1.14989e-06
747	1.15227e-06
748	1.15379e-06
749	1.15499e-06
750	1.15549e-06
751	1.15671e-06
752	1.15816e-06
753	1.16142e-06
754	1.16468e-06
755	1.16759e-06
756	1.16883e-06
757	1.16918e-06
758	1.16896e-06
759	1.16959e-06
760	1.16982e-06
761	1.17055e-06
762	1.17007e-06
763	1.16878e-06
764	1.16603e-06
765	1.16355e-06
766	1.16026e-06
767	1.15814e-06
768	1.15567e-06
769	1.15369e-06
770	1.15156e-06
771	1.14896e-06
772	1.1462e-06
773	1.14322e-06
774	1.13962e-06
775	1.1369e-06
776	1.13319e-06
777	1.13024e-06
778	1.12547e-06
779	1.12073e-06
780	1.11573e-06
781	1.11136e-06
782	1.10737e-06
783	1.10378e-06
784	1.09964e-06
785	1.09648e-06
786	1.09308e-06
787	1.08972e-06
788	1.08562e-06
789	1.08164e-06
790	1.07558e-06
791	1.07009e-06
792	1.0642e-06
793	1.05882e-06
794	1.0534e-06
795	1.04776e-06
796	1.04151e-06
797	1.03509e-06
798	1.84129e-06
799	1.83251e-06
800	1.82485e-06
801	1.81811e-06
802	1.81168e-06
803	1.80648e-06
804	1.799e-06
805	1.79186e-06
806	1.78265e-06
807	1.77199e-06
808	1.76133e-06
809	1.75316e-06
810	1.74673e-06
811	1.74354e-06
812	1.7385e-06
813	1.73446e-06
814	1.72912e-06
815	1.72406e-06
816	1.71853e-06
817	1.71364e-06
818	1.70664e-06
819	1.70048e-06
820	1.69613e-06
821	1.69096e-06
822	1.68338e-06
823	1.67921e-06
824	1.67629e-06
825	1.67736e-06
826	1.6775e-06
827	1.67771e-06
828	1.67971e-06
829	1.68457e-06
830	1.68711e-06
831	1.6891e-06
832	1.6902e-06
833	1.69168e-06
834	1.69233e-06
835	1.69456e-06
836	1.69588e-06
837	1.69569e-06
838	1.69564e-06
839	1.69575e-06
840	1.69635e-06
841	1.69835e-06
842	1.70035e-06
843	1.70494e-06
844	1.70961e-06
845	1.71456e-06
846	1.7197e-06
847	1.72659e-06
848	1.73326e-06
849	1.74244e-06
850	1.75468e-06
851	1.76888e-06
852	1.78078e-06
853	1.7927e-06
854	1.80455e-06
855	1.81848e-06
856	1.8341e-06
857	1.85308e-06
858	1.87364e-06
859	1.89754e-06
860	1.9201e-06
861	1.94539e-06
862	1.97381e-06
863	2.00726e-06
864	2.04238e-06
865	2.08219e-06
866	2.1236e-06
867	2.1704e-06
868	1.25924e-06
869	1.28423e-06
870	1.30803e-06
871	1.33055e-06
872	1.34744e-06
873	1.36039e-06
874	1.37055e-06
875	1.38012e-06
876	1.38797e-06
877	1.39527e-06
878	1.4016e-06
879	1.40842e-06
880	1.41503e-06
881	1.42199e-06
882	1.4272e-06
883	1.43193e-06
884	1.43472e-06
885	1.43771e-06
886	1.43992e-06
887	1.44253e-06
888	1.4437e-06
889	1.44533e-06
890	1.44634e-06
891	1.44782e-06
892	1.44897e-06
893	1.45119e-06
894	1.45271e-06
895	1.45476e-06
896	1.45564e-06
897	1.45686e-06
898	1.45675e-06
899	1.45684e-06
900	1.45625e-06
901	1.45643e-06
902	1.45611e-06
903	1.45699e-06
904	1.45761e-06
905	1.45842e-06
906	1.45894e-06
907	1.45963e-06
908	1.45958e-06
909	1.45978e-06
910	1.45933e-06
911	1.45921e-06
912	1.45948e-06
913	1.45994e-06
914	1.45878e-06
915	1.45798e-06
916	1.45596e-06
917	1.45453e-06
918	1.45043e-06
919	1.44754e-06
920	1.44567e-06
921	1.44544e-06
922	1.44477e-06
923	1.44436e-06
924	1.44264e-06
925	1.44078e-06
926	1.43847e-06
927	1.43669e-06
928	1.43411e-06
929	1.43157e-06
930	1.42865e-06
931	1.42617e-06
932	8.8832e-07
933	8.86592e-07
934	8.84765e-07
935	8.83571e-07
936	8.82015e-07
937	8.80509e-07
938	8.7876e-07
939	8.77148e-07
940	8.74972e-07
941	8.72724e-07
942	8.70435e-07
943	8.68234e-07
944	8.65825e-07
945	8.63448e-07
946	8.60901e-07
947	8.58497e-07
948	8.55805e-07
949	8.52976e-07
950	8.49891e-07
951	8.46591e-07
952	8.43047e-07
953	8.39232e-07
954	8.35217e-07
955	8.30966e-07
956	8.26707e-07
957	8.22339e-07
958	8.17846e-07
959	8.13414e-07
960	8.09297e-07
961	8.04857e-07
962	8.00432e-07
963	7.95761e-07
964	7.9125e-07
965	7.87683e-07
966	7.8369e-07
967	7.78303e-07
968	7.72668e-07
969	7.66925e-07
970	7.61761e-07
971	7.56161e-07
972	7.50806e-07
973	7.44637e-07
974	7.38894e-07
975	7.32635e-07
976	7.27245e-07
977	7.21585e-07
978	7.16525e-07
979	7.10349e-07
980	7.04548e-07
981	6.98117e-07
982	6.92056e-07
983	6.85476e-07
984	6.79471e-07
985	6.72784e-07
986	6.66586e-07
987	6.59572e-07
988	6.53518e-07
989	9.9795e-07
990	9.88714e-07
991	9.77786e-07
992	9.67654e-07
993	9.55711e-07
994	9.45345e-07
995	9.3382e-07
996	9.23816e-07
997	9.1254e-07
998	9.02078e-07
999	8.899e-07
1000	8.79262e-07
