1	11
2	13
3	11
4	11
5	12
6	12
7	11
8	8
9	10
10	10
11	8
12	10
13	11
14	10
15	8
16	10
17	10
18	7
19	9
20	9
21	8
22	8
23	8
24	8
25	7
26	8
27	8
28	8
29	7
30	7
31	7
32	7
33	8
34	8
35	7
36	7
37	7
38	7
39	8
40	8
41	8
42	8
43	8
44	8
45	8
46	8
47	8
48	8
49	8
50	8
51	8
52	8
53	8
54	8
55	8
56	8
57	8
58	8
59	8
60	8
61	8
62	8
63	8
64	8
65	8
66	8
67	8
68	8
69	8
70	8
71	8
72	8
73	8
74	8
75	8
76	8
77	8
78	8
79	8
80	8
81	8
82	8
83	8
84	8
85	8
86	8
87	8
88	8
89	8
90	8
91	8
92	8
93	8
94	8
95	8
96	8
97	8
98	8
99	8
100	8
101	8
102	8
103	8
104	8
105	8
106	8
107	8
108	8
109	8
110	8
111	8
112	8
113	8
114	8
115	8
116	8
117	8
118	8
119	8
120	8
121	8
122	8
123	8
124	8
125	8
126	8
127	8
128	8
129	8
130	8
131	8
132	8
133	8
134	8
135	8
136	8
137	8
138	9
139	9
140	9
141	9
142	9
143	9
144	9
145	9
146	9
147	9
148	9
149	9
150	9
151	9
152	9
153	9
154	9
155	9
156	9
157	9
158	9
159	9
160	9
161	9
162	9
163	9
164	9
165	9
166	9
167	9
168	9
169	9
170	9
171	9
172	9
173	9
174	9
175	9
176	9
177	9
178	9
179	9
180	9
181	9
182	9
183	9
184	9
185	9
186	9
187	9
188	9
189	9
190	9
191	9
192	9
193	9
194	9
195	9
196	9
197	9
198	9
199	9
200	9
201	9
202	9
203	9
204	9
205	9
206	9
207	9
208	9
209	9
210	9
211	9
212	9
213	9
214	9
215	9
216	9
217	9
218	9
219	9
220	9
221	9
222	9
223	9
224	9
225	9
226	9
227	9
228	9
229	9
230	9
231	9
232	9
233	9
234	9
235	9
236	9
237	9
238	9
239	9
240	9
241	9
242	9
243	9
244	9
245	9
246	9
247	9
248	9
249	9
250	9
251	9
252	9
253	9
254	9
255	9
256	8
257	8
258	8
259	8
260	8
261	8
262	8
263	8
264	8
265	8
266	8
267	8
268	8
269	8
270	8
271	8
272	8
273	8
274	8
275	8
276	8
277	8
278	8
279	8
280	8
281	8
282	8
283	8
284	8
285	8
286	8
287	8
288	8
289	8
290	8
291	8
292	8
293	8
294	8
295	8
296	8
297	8
298	8
299	8
300	9
301	9
302	9
303	9
304	9
305	9
306	9
307	9
308	9
309	9
310	9
311	9
312	9
313	9
314	9
315	9
316	9
317	9
318	9
319	9
320	9
321	9
322	9
323	9
324	9
325	9
326	9
327	9
328	9
329	9
330	9
331	9
332	9
333	9
334	9
335	9
336	9
337	9
338	9
339	9
340	9
341	9
342	9
343	9
344	9
345	9
346	9
347	9
348	9
349	9
350	9
351	9
352	9
353	9
354	9
355	9
356	9
357	9
358	9
359	9
360	9
361	9
362	9
363	9
364	9
365	9
366	9
367	9
368	9
369	9
370	9
371	9
372	9
373	9
374	9
375	9
376	9
377	9
378	9
379	9
380	9
381	9
382	9
383	9
384	9
385	9
386	9
387	9
388	9
389	9
390	9
391	9
392	9
393	9
394	9
395	9
396	9
397	9
398	9
399	9
400	9
401	9
402	9
403	9
404	9
405	9
406	9
407	9
408	9
409	9
410	9
411	9
412	9
413	9
414	9
415	9
416	9
417	9
418	9
419	9
420	9
421	9
422	9
423	9
424	9
425	9
426	9
427	9
428	9
429	9
430	9
431	9
432	9
433	9
434	9
435	9
436	9
437	9
438	9
439	9
440	9
441	9
442	9
443	9
444	9
445	9
446	9
447	9
448	9
449	9
450	9
451	9
452	9
453	9
454	9
455	9
456	9
457	9
458	9
459	9
460	9
461	9
462	9
463	9
464	9
465	9
466	9
467	9
468	9
469	9
470	9
471	9
472	9
473	9
474	9
475	9
476	9
477	9
478	9
479	9
480	9
481	9
482	9
483	9
484	9
485	9
486	9
487	9
488	9
489	9
490	9
491	9
492	9
493	9
494	9
495	9
496	9
497	9
498	9
499	9
500	9
501	9
502	9
503	9
504	9
505	9
506	9
507	9
508	9
509	9
510	9
511	9
512	9
513	9
514	9
515	9
516	9
517	9
518	9
519	9
520	9
521	9
522	9
523	9
524	9
525	9
526	9
527	9
528	9
529	9
530	9
531	9
532	9
533	9
534	9
535	9
536	9
537	9
538	9
539	9
540	9
541	9
542	9
543	9
544	9
545	9
546	9
547	9
548	9
549	9
550	9
551	9
552	9
553	9
554	9
555	9
556	9
557	9
558	9
559	9
560	9
561	9
562	9
563	9
564	9
565	9
566	9
567	9
568	9
569	9
570	9
571	9
572	9
573	9
574	9
575	9
576	9
577	9
578	9
579	9
580	9
581	9
582	9
583	9
584	9
585	9
586	9
587	9
588	9
589	9
590	9
591	9
592	9
593	9
594	9
595	9
596	9
597	9
598	9
599	9
600	9
601	9
602	9
603	9
604	9
605	9
606	9
607	9
608	9
609	9
610	9
611	9
612	9
613	9
614	9
615	9
616	9
617	9
618	9
619	9
620	9
621	9
622	9
623	9
624	9
625	9
626	9
627	9
628	9
629	9
630	9
631	9
632	9
633	9
634	9
635	9
636	9
637	9
638	9
639	9
640	9
641	9
642	9
643	9
644	9
645	9
646	9
647	9
648	9
649	9
650	9
651	9
652	9
653	9
654	9
655	9
656	9
657	9
658	9
659	9
660	9
661	9
662	9
663	9
664	9
665	9
666	9
667	9
668	9
669	9
670	9
671	9
672	9
673	9
674	9
675	9
676	9
677	9
678	9
679	9
680	9
681	9
682	9
683	9
684	9
685	9
686	9
687	9
688	9
689	9
690	9
691	9
692	9
693	9
694	9
695	9
696	9
697	9
698	9
699	9
700	9
701	9
702	9
703	9
704	9
705	10
706	10
707	10
708	10
709	10
710	10
711	10
712	10
713	10
714	10
715	10
716	10
717	10
718	10
719	10
720	10
721	10
722	10
723	10
724	10
725	10
726	10
727	10
728	10
729	10
730	10
731	10
732	10
733	10
734	10
735	10
736	10
737	10
738	10
739	10
740	10
741	10
742	10
743	10
744	10
745	10
746	10
747	10
748	10
749	10
750	10
751	10
752	10
753	10
754	10
755	10
756	10
757	10
758	10
759	10
760	10
761	10
762	10
763	10
764	10
765	10
766	10
767	10
768	10
769	10
770	10
771	10
772	10
773	10
774	10
775	10
776	10
777	10
778	10
779	10
780	10
781	10
782	10
783	10
784	10
785	10
786	10
787	10
788	10
789	10
790	10
791	10
792	10
793	10
794	10
795	10
796	10
797	10
798	9
799	9
800	9
801	9
802	9
803	9
804	9
805	9
806	9
807	9
808	9
809	9
810	9
811	9
812	9
813	9
814	9
815	9
816	9
817	9
818	9
819	9
820	9
821	9
822	9
823	9
824	9
825	9
826	9
827	9
828	9
829	9
830	9
831	9
832	9
833	9
834	9
835	9
836	9
837	9
838	9
839	9
840	9
841	9
842	9
843	9
844	9
845	9
846	9
847	9
848	9
849	9
850	9
851	9
852	9
853	9
854	9
855	9
856	9
857	9
858	9
859	9
860	9
861	9
862	9
863	9
864	9
865	9
866	9
867	9
868	10
869	10
870	10
871	10
872	10
873	10
874	10
875	10
876	10
877	10
878	10
879	10
880	10
881	10
882	10
883	10
884	10
885	10
886	10
887	10
888	10
889	10
890	10
891	10
892	10
893	10
894	10
895	10
896	10
897	10
898	10
899	10
900	10
901	10
902	10
903	10
904	10
905	10
906	10
907	10
908	10
909	10
910	10
911	10
912	10
913	10
914	10
915	10
916	10
917	10
918	10
919	10
920	10
921	10
922	10
923	10
924	10
925	10
926	10
927	10
928	10
929	10
930	10
931	10
932	11
933	11
934	11
935	11
936	11
937	11
938	11
939	11
940	11
941	11
942	11
943	11
944	11
945	11
946	11
947	11
948	11
949	11
950	11
951	11
952	11
953	11
954	11
955	11
956	11
957	11
958	11
959	11
960	11
961	11
962	11
963	11
964	11
965	11
966	11
967	11
968	11
969	11
970	11
971	11
972	11
973	11
974	11
975	11
976	11
977	11
978	11
979	11
980	11
981	11
982	11
983	11
984	11
985	11
986	11
987	11
988	11
989	10
990	10
991	10
992	10
993	10
994	10
995	10
996	10
997	10
998	10
999	10
1000	10
