1	1
2	0.0162647
3	0.00655282
4	0.010671
5	0.0272143
6	0.0602572
7	0.0459351
8	0.140188
9	0.0340161
10	0.0416745
11	0.276723
12	0.0879596
13	0.220368
14	0.0546819
15	0.0462895
16	0.072177
17	0.108741
18	0.0753079
19	0.0476381
20	0.0387661
21	0.039057
22	0.0416291
23	0.0396617
24	0.0345955
25	0.0305266
26	0.0286462
27	0.0281214
28	0.0269314
29	0.0254226
30	0.0241111
31	0.022963
32	0.0220609
33	0.0212207
34	0.0203481
35	0.0195475
36	0.0187657
37	0.0180589
38	0.017382
39	0.0167831
40	0.0161931
41	0.0156447
42	0.0151952
43	0.0146223
44	0.0140144
45	0.0134033
46	0.0129473
47	0.0124828
48	0.012152
49	0.0118042
50	0.0115008
51	0.0112248
52	0.0109653
53	0.0106593
54	0.0103649
55	0.0101397
56	0.00991623
57	0.00965796
58	0.00942711
59	0.00920188
60	0.00892669
61	0.00869843
62	0.00846043
63	0.0082312
64	0.00808501
65	0.00791668
66	0.00777857
67	0.00764254
68	0.00748029
69	0.00734568
70	0.00720577
71	0.00706882
72	0.00690374
73	0.00676987
74	0.00661886
75	0.00646817
76	0.00635114
77	0.00620422
78	0.00607309
79	0.00599749
80	0.00590183
81	0.0058268
82	0.00574252
83	0.00565032
84	0.0055913
85	0.00551379
86	0.00544002
87	0.00537544
88	0.00529665
89	0.00522056
90	0.00515026
91	0.00507617
92	0.00501915
93	0.00496423
94	0.00488123
95	0.00480927
96	0.00475256
97	0.00469538
98	0.00462403
99	0.00454356
100	0.0044794
101	0.00441349
102	0.00436132
103	0.00430695
104	0.0042549
105	0.00420349
106	0.00416539
107	0.00412254
108	0.00407499
109	0.00402397
110	0.00397791
111	0.00393654
112	0.00390014
113	0.00386552
114	0.00383107
115	0.00380122
116	0.00377142
117	0.00374352
118	0.00370629
119	0.0036681
120	0.00364273
121	0.00361987
122	0.00358902
123	0.00355715
124	0.00353211
125	0.0035054
126	0.00347694
127	0.00345075
128	0.00341796
129	0.00339074
130	0.00336762
131	0.00334274
132	0.00332082
133	0.00330259
134	0.00328319
135	0.00325651
136	0.00323973
137	0.00321672
138	0.00319619
139	0.00317548
140	0.00316013
141	0.00314087
142	0.00312233
143	0.00310749
144	0.0030901
145	0.00307512
146	0.00306133
147	0.00304683
148	0.00303107
149	0.00301494
150	0.00300135
151	0.00298905
152	0.00297554
153	0.00296131
154	0.00294848
155	0.00294106
156	0.0029285
157	0.00291557
158	0.00290277
159	0.00288944
160	0.00288045
161	0.00286883
162	0.00285953
163	0.00284836
164	0.00283421
165	0.0028229
166	0.00281557
167	0.00280905
168	0.00280074
169	0.00279033
170	0.00278341
171	0.00277561
172	0.00276756
173	0.00275715
174	0.00274868
175	0.00274365
176	0.00273647
177	0.00273099
178	0.00272056
179	0.00271147
180	0.00270528
181	0.00270004
182	0.00268916
183	0.00268147
184	0.00267129
185	0.00266317
186	0.00265457
187	0.00264671
188	0.00264032
189	0.00263431
190	0.00262693
191	0.00261865
192	0.0026101
193	0.0026018
194	0.00259457
195	0.00258607
196	0.00257886
197	0.00257197
198	0.00256455
199	0.00255736
200	0.00255071
201	0.00254168
202	0.00253326
203	0.00252605
204	0.00251976
205	0.00251295
206	0.00250537
207	0.00249793
208	0.00248984
209	0.00248426
210	0.00247776
211	0.00247061
212	0.00246146
213	0.00245522
214	0.00244836
215	0.00244248
216	0.00243619
217	0.00242942
218	0.00242312
219	0.00241709
220	0.00241222
221	0.00241044
222	0.00240692
223	0.00240246
224	0.00239678
225	0.00239104
226	0.00238448
227	0.00237592
228	0.00236799
229	0.00236245
230	0.00235788
231	0.00235355
232	0.00234729
233	0.00234254
234	0.00233763
235	0.00233507
236	0.00233082
237	0.00232426
238	0.00232018
239	0.00231537
240	0.00230916
241	0.00230302
242	0.00229709
243	0.00229151
244	0.0022853
245	0.00228047
246	0.00227555
247	0.0022712
248	0.00226586
249	0.00226064
250	0.00225778
251	0.00225485
252	0.0022509
253	0.00224568
254	0.00224099
255	0.00223781
256	0.0022341
257	0.00222998
258	0.00222454
259	0.0022205
260	0.00221504
261	0.00221035
262	0.00220683
263	0.0022024
264	0.00219628
265	0.00218814
266	0.0021835
267	0.00217841
268	0.00217359
269	0.00216805
270	0.0021634
271	0.00215819
272	0.00215377
273	0.00214868
274	0.00214343
275	0.0021377
276	0.00213094
277	0.00212519
278	0.00211848
279	0.00211262
280	0.00210733
281	0.00210293
282	0.00209552
283	0.0020869
284	0.00207998
285	0.00207522
286	0.00206924
287	0.0020634
288	0.00205754
289	0.00205215
290	0.00204685
291	0.00204166
292	0.00203516
293	0.00202735
294	0.00202176
295	0.00201587
296	0.00200968
297	0.0020058
298	0.00200219
299	0.00199763
300	0.00199166
301	0.00198599
302	0.00198303
303	0.00197922
304	0.0019747
305	0.0019702
306	0.00196585
307	0.00196198
308	0.0019581
309	0.00195475
310	0.00195097
311	0.00194709
312	0.00194273
313	0.00193917
314	0.00193564
315	0.00193391
316	0.00193202
317	0.00193096
318	0.001929
319	0.00192615
320	0.00192339
321	0.00192161
322	0.00191939
323	0.00191847
324	0.00191647
325	0.00191603
326	0.001915
327	0.00191416
328	0.0019129
329	0.0019111
330	0.00190985
331	0.00190832
332	0.00190589
333	0.00190301
334	0.00190177
335	0.00189986
336	0.00189886
337	0.0018979
338	0.00189614
339	0.0018947
340	0.00189398
341	0.00189344
342	0.00189215
343	0.00188979
344	0.00188786
345	0.00188639
346	0.00188647
347	0.00188616
348	0.00188608
349	0.00188594
350	0.0018839
351	0.00188181
352	0.00188043
353	0.00188008
354	0.00187883
355	0.00187809
356	0.00187699
357	0.00187345
358	0.00187161
359	0.00187219
360	0.00187366
361	0.00187494
362	0.0018733
363	0.00187085
364	0.00187073
365	0.00187028
366	0.00186984
367	0.00186904
368	0.00186794
369	0.00186637
370	0.00186258
371	0.00185776
372	0.00185519
373	0.0018533
374	0.00185165
375	0.00185122
376	0.00185101
377	0.00185148
378	0.00185152
379	0.00185047
380	0.00184981
381	0.00184981
382	0.00185045
383	0.00185009
384	0.0018492
385	0.00184822
386	0.0018472
387	0.00184664
388	0.00184553
389	0.00184407
390	0.00184212
391	0.00184024
392	0.00183911
393	0.00183824
394	0.00183787
395	0.00183822
396	0.0018392
397	0.00183969
398	0.00183986
399	0.00183911
400	0.00183873
401	0.00183688
402	0.0018361
403	0.00183526
404	0.00183515
405	0.00183505
406	0.00183486
407	0.00183463
408	0.00183514
409	0.00183683
410	0.0018368
411	0.00183609
412	0.00183535
413	0.00183518
414	0.00183344
415	0.00183133
416	0.00183011
417	0.00182892
418	0.00182865
419	0.00182704
420	0.00182545
421	0.00182421
422	0.00182302
423	0.00182191
424	0.00182195
425	0.00182157
426	0.0018213
427	0.0018209
428	0.00182054
429	0.00181968
430	0.00181735
431	0.00181471
432	0.00181413
433	0.00181397
434	0.00181359
435	0.00181318
436	0.00181153
437	0.00181056
438	0.00180877
439	0.00180765
440	0.0018062
441	0.00180596
442	0.00180511
443	0.0018039
444	0.00180125
445	0.00179964
446	0.00179764
447	0.00179539
448	0.00179273
449	0.00179111
450	0.00178915
451	0.00178646
452	0.00178455
453	0.00178255
454	0.00178197
455	0.00178084
456	0.00177933
457	0.00177648
458	0.00177474
459	0.00177223
460	0.00177084
461	0.00177053
462	0.00177044
463	0.00176999
464	0.00177002
465	0.00176907
466	0.00176886
467	0.0017686
468	0.00176768
469	0.00176677
470	0.00176597
471	0.00176465
472	0.00176277
473	0.00176129
474	0.00175979
475	0.00175854
476	0.00175857
477	0.00176027
478	0.00176047
479	0.0017596
480	0.00175866
481	0.00175814
482	0.00175608
483	0.001754
484	0.00175239
485	0.00175063
486	0.00174986
487	0.00174981
488	0.00174847
489	0.00174756
490	0.00174694
491	0.00174805
492	0.00174962
493	0.00174964
494	0.00174866
495	0.00174787
496	0.00174638
497	0.0017447
498	0.00174351
499	0.00174381
500	0.00174482
501	0.00174424
502	0.00174371
503	0.00174475
504	0.00174322
505	0.00174347
506	0.00174246
507	0.00174183
508	0.00174102
509	0.00174021
510	0.00173956
511	0.00173811
512	0.00173789
513	0.00173856
514	0.0017404
515	0.00174211
516	0.001743
517	0.00174459
518	0.00174447
519	0.00174529
520	0.00174596
521	0.00174582
522	0.00174659
523	0.00174889
524	0.00174958
525	0.00175112
526	0.00175221
527	0.00175387
528	0.00175632
529	0.00175906
530	0.00176133
531	0.0017631
532	0.0017644
533	0.00176595
534	0.00176798
535	0.00177037
536	0.00177353
537	0.00177827
538	0.00178236
539	0.00178359
540	0.00178476
541	0.00178651
542	0.00179098
543	0.00179734
544	0.00180178
545	0.00180577
546	0.00180775
547	0.00181176
548	0.00181383
549	0.0018165
550	0.00181884
551	0.00182181
552	0.00182511
553	0.00182922
554	0.00183295
555	0.0018383
556	0.00184265
557	0.00184732
558	0.00185091
559	0.0018549
560	0.00185713
561	0.00185891
562	0.00186346
563	0.00186723
564	0.00187291
565	0.00187817
566	0.001884
567	0.00188791
568	0.00189251
569	0.00189924
570	0.00190254
571	0.00190552
572	0.00190895
573	0.00191312
574	0.00191779
575	0.00192365
576	0.00193127
577	0.00193706
578	0.00194348
579	0.0019522
580	0.00195932
581	0.00196354
582	0.0019695
583	0.00197698
584	0.00198283
585	0.00198941
586	0.00199533
587	0.00200211
588	0.00200997
589	0.00201747
590	0.00202637
591	0.00203503
592	0.0020407
593	0.00204638
594	0.00205269
595	0.00206151
596	0.0020694
597	0.00207764
598	0.00208612
599	0.00209256
600	0.00210076
601	0.00210945
602	0.00211917
603	0.00212889
604	0.00213606
605	0.00214301
606	0.002151
607	0.00216219
608	0.00217426
609	0.00218625
610	0.00219561
611	0.00220464
612	0.00221517
613	0.00222429
614	0.00223583
615	0.00224643
616	0.00225734
617	0.0022705
618	0.0022821
619	0.00229356
620	0.00230705
621	0.00232054
622	0.00233515
623	0.00235062
624	0.00236546
625	0.00237864
626	0.00238818
627	0.00238753
628	0.00238218
629	0.00237303
630	0.00236002
631	0.00234597
632	0.00232773
633	0.00230846
634	0.00228696
635	0.00226304
636	0.00223784
637	0.00221132
638	0.00218342
639	0.00215662
640	0.00212871
641	0.00210273
642	0.00207659
643	0.0020506
644	0.00202264
645	0.00199615
646	0.0019713
647	0.00194774
648	0.00192299
649	0.00190007
650	0.00187904
651	0.00185781
652	0.0018351
653	0.00181288
654	0.00179204
655	0.00177127
656	0.00174908
657	0.00172952
658	0.00170822
659	0.00168783
660	0.00166794
661	0.00165024
662	0.00163303
663	0.00161689
664	0.0016014
665	0.00158536
666	0.0015678
667	0.00155125
668	0.00153499
669	0.00152077
670	0.0015077
671	0.00149422
672	0.00147928
673	0.00146445
674	0.00145031
675	0.00143617
676	0.00141996
677	0.00140572
678	0.0013924
679	0.00137956
680	0.00136758
681	0.00135514
682	0.00134198
683	0.00132979
684	0.00131629
685	0.00130467
686	0.00129305
687	0.00128091
688	0.00126843
689	0.00125829
690	0.00124671
691	0.00123511
692	0.00122375
693	0.00121225
694	0.00120076
695	0.00118948
696	0.00117859
697	0.00116799
698	0.00115717
699	0.0011475
700	0.00113709
701	0.00112785
702	0.00111799
703	0.00110788
704	0.00109788
705	0.00109081
706	0.0010835
707	0.00107441
708	0.00106481
709	0.00105566
710	0.00104473
711	0.00103578
712	0.00102529
713	0.0010171
714	0.00100834
715	0.00100094
716	0.00099249
717	0.000984335
718	0.00097398
719	0.000966454
720	0.00095698
721	0.000949125
722	0.000940894
723	0.000934455
724	0.000926322
725	0.000920812
726	0.000912647
727	0.000904985
728	0.000895553
729	0.000887504
730	0.000879378
731	0.000871767
732	0.000863427
733	0.000856085
734	0.000848034
735	0.000841826
736	0.000833576
737	0.000825737
738	0.000818283
739	0.000810004
740	0.00080172
741	0.000795274
742	0.000787337
743	0.000781008
744	0.00077296
745	0.000766403
746	0.000759276
747	0.000751906
748	0.000744064
749	0.000737987
750	0.000732335
751	0.000726525
752	0.000719485
753	0.000712955
754	0.000703814
755	0.000807703
756	0.000781304
757	0.000722668
758	0.000696781
759	0.000681939
760	0.000666573
761	0.000658856
762	0.000651505
763	0.000645782
764	0.000637879
765	0.00063149
766	0.000624023
767	0.000619222
768	0.000612176
769	0.000606934
770	0.000599649
771	0.000594534
772	0.000588715
773	0.000584427
774	0.000578328
775	0.00057465
776	0.000568509
777	0.000564627
778	0.000559234
779	0.000554937
780	0.000549175
781	0.000544098
782	0.000537018
783	0.000533084
784	0.000527133
785	0.000522633
786	0.00051758
787	0.000514628
788	0.000509306
789	0.000506232
790	0.000500991
791	0.00049696
792	0.000491555
793	0.000487133
794	0.000481532
795	0.000476992
796	0.000471578
797	0.000467781
798	0.000462777
799	0.000459308
800	0.000454168
801	0.000451359
802	0.000447532
803	0.000444686
804	0.000440223
805	0.000436332
806	0.000431445
807	0.000427427
808	0.000422097
809	0.000418376
810	0.000413283
811	0.000409304
812	0.00040482
813	0.000401902
814	0.000398297
815	0.000395492
816	0.000391327
817	0.000388034
818	0.000384082
819	0.000382043
820	0.00037777
821	0.000374409
822	0.000370481
823	0.000367524
824	0.000363599
825	0.000360693
826	0.000357084
827	0.000354282
828	0.000350222
829	0.000347386
830	0.000343719
831	0.00034125
832	0.000336888
833	0.000333396
834	0.000329891
835	0.000327396
836	0.000323817
837	0.000322384
838	0.000319321
839	0.000316843
840	0.000313565
841	0.00031144
842	0.000307928
843	0.000305873
844	0.000303061
845	0.000301257
846	0.000298052
847	0.000295584
848	0.000292533
849	0.000289587
850	0.000286652
851	0.000284586
852	0.000282018
853	0.000280428
854	0.000277722
855	0.000275867
856	0.000272992
857	0.000271883
858	0.000268805
859	0.000266789
860	0.000264022
861	0.000262526
862	0.000259755
863	0.000258314
864	0.000255608
865	0.000254476
866	0.000251904
867	0.000250195
868	0.000247444
869	0.000246793
870	0.000244736
871	0.000243434
872	0.000241668
873	0.000241433
874	0.000239392
875	0.000238279
876	0.000236205
877	0.000234584
878	0.000232568
879	0.000231522
880	0.000230172
881	0.00023001
882	0.000228398
883	0.000227894
884	0.000226931
885	0.000230942
886	0.000235607
887	0.000237276
888	0.000234489
889	0.000231143
890	0.000227713
891	0.000225585
892	0.000222606
893	0.000221705
894	0.000219726
895	0.000218622
896	0.000216834
897	0.000216331
898	0.000214623
899	0.000213664
900	0.000212005
901	0.000211353
902	0.000209825
903	0.000209183
904	0.000207246
905	0.000206486
906	0.000205379
907	0.000205603
908	0.000204047
909	0.000203892
910	0.000202416
911	0.000202355
912	0.000200142
913	0.000199685
914	0.000199695
915	0.000198879
916	0.000196225
917	0.00019587
918	0.000194536
919	0.00019411
920	0.000192524
921	0.000191918
922	0.000191207
923	0.000190377
924	0.000189085
925	0.000188838
926	0.000187427
927	0.000400766
928	0.000374348
929	0.000278327
930	0.000231445
931	0.000212354
932	0.000195269
933	0.000190309
934	0.000187225
935	0.000183636
936	0.00017984
937	0.000177787
938	0.00017636
939	0.000175618
940	0.000174646
941	0.000173543
942	0.00017262
943	0.000171414
944	0.0001701
945	0.000169929
946	0.000168573
947	0.000168187
948	0.000167043
949	0.000166232
950	0.000165518
951	0.000164899
952	0.000163571
953	0.000162804
954	0.000161692
955	0.000161122
956	0.000160136
957	0.000159592
958	0.000158342
959	0.000157641
960	0.000156572
961	0.000156238
962	0.000155295
963	0.00015451
964	0.000153837
965	0.000153653
966	0.00017712
967	0.000205929
968	0.000217995
969	0.000215161
970	0.00020354
971	0.000192124
972	0.000181756
973	0.00017419
974	0.000168923
975	0.000165457
976	0.000162186
977	0.000160023
978	0.000156663
979	0.000154648
980	0.000151482
981	0.000149341
982	0.000147173
983	0.000145841
984	0.000143742
985	0.000142185
986	0.000139698
987	0.000137654
988	0.000135825
989	0.000134872
990	0.000133314
991	0.000132641
992	0.000131292
993	0.000130803
994	0.000128935
995	0.00012838
996	0.000127347
997	0.000126855
998	0.000125915
999	0.00012571
1000	0.000124356
