1	0.000665163
2	1.31324e-05
3	5.84882e-06
4	8.00989e-06
5	1.73139e-05
6	4.55557e-05
7	2.76503e-05
8	0.00011123
9	2.50205e-05
10	2.82351e-05
11	0.000192208
12	4.93896e-05
13	0.000217771
14	3.66963e-05
15	2.86563e-05
16	4.90059e-05
17	8.552e-05
18	7.232e-05
19	3.74578e-05
20	2.32796e-05
21	3.37547e-05
22	3.66925e-05
23	2.63777e-05
24	2.79357e-05
25	2.07418e-05
26	1.85348e-05
27	1.53315e-05
28	2.38447e-05
29	1.32766e-05
30	1.42006e-05
31	1.3914e-05
32	1.3996e-05
33	1.28996e-05
34	1.2728e-05
35	1.3005e-05
36	1.30919e-05
37	1.30754e-05
38	1.29393e-05
39	1.29374e-05
40	1.30832e-05
41	1.30966e-05
42	1.3082e-05
43	1.29501e-05
44	1.28021e-05
45	1.26634e-05
46	1.24666e-05
47	1.23018e-05
48	1.20857e-05
49	6.6632e-06
50	6.48327e-06
51	6.31795e-06
52	6.14919e-06
53	6.01562e-06
54	5.92167e-06
55	5.70511e-06
56	5.42527e-06
57	5.19656e-06
58	5.08519e-06
59	4.95735e-06
60	4.78754e-06
61	4.69453e-06
62	4.64321e-06
63	4.5511e-06
64	4.44234e-06
65	4.32523e-06
66	4.22397e-06
67	4.12897e-06
68	4.07551e-06
69	4.01148e-06
70	3.96466e-06
71	3.88871e-06
72	3.7608e-06
73	6.75126e-06
74	6.54557e-06
75	6.36843e-06
76	6.22953e-06
77	6.06198e-06
78	5.87135e-06
79	5.64982e-06
80	5.54399e-06
81	5.3494e-06
82	5.19841e-06
83	5.00024e-06
84	4.84934e-06
85	4.75252e-06
86	4.68286e-06
87	4.61778e-06
88	4.59321e-06
89	4.60217e-06
90	4.64045e-06
91	4.66134e-06
92	4.65742e-06
93	4.70938e-06
94	4.69264e-06
95	4.70047e-06
96	4.684e-06
97	4.68596e-06
98	2.47693e-06
99	2.4666e-06
100	2.45295e-06
101	2.43691e-06
102	2.41398e-06
103	2.37605e-06
104	2.34153e-06
105	2.30877e-06
106	2.26122e-06
107	2.21068e-06
108	2.15624e-06
109	2.1054e-06
110	3.961e-06
111	3.91214e-06
112	3.86231e-06
113	3.8129e-06
114	3.76775e-06
115	3.73949e-06
116	3.70593e-06
117	3.6567e-06
118	3.59727e-06
119	3.57328e-06
120	3.55646e-06
121	3.51883e-06
122	3.49152e-06
123	3.45855e-06
124	3.4407e-06
125	3.42006e-06
126	3.40283e-06
127	3.39239e-06
128	3.38851e-06
129	3.38099e-06
130	1.73921e-06
131	1.75103e-06
132	1.76354e-06
133	1.77968e-06
134	1.79787e-06
135	1.8113e-06
136	1.81834e-06
137	1.82693e-06
138	1.83649e-06
139	1.84902e-06
140	1.8641e-06
141	1.88181e-06
142	1.89128e-06
143	1.90486e-06
144	1.9195e-06
145	1.93635e-06
146	1.95075e-06
147	1.96355e-06
148	1.96936e-06
149	1.97125e-06
150	1.97509e-06
151	1.97416e-06
152	1.97436e-06
153	1.97516e-06
154	1.97299e-06
155	1.97277e-06
156	1.96876e-06
157	1.96467e-06
158	1.9638e-06
159	1.96133e-06
160	1.95657e-06
161	1.9547e-06
162	1.95144e-06
163	1.94666e-06
164	1.93788e-06
165	1.92322e-06
166	1.91018e-06
167	1.90036e-06
168	1.89084e-06
169	1.88247e-06
170	1.87029e-06
171	1.85569e-06
172	1.846e-06
173	1.83924e-06
174	1.83015e-06
175	1.81437e-06
176	1.79313e-06
177	1.77407e-06
178	1.75535e-06
179	1.73635e-06
180	1.71762e-06
181	1.6987e-06
182	1.6788e-06
183	1.6586e-06
184	1.64086e-06
185	1.6222e-06
186	1.60281e-06
187	1.58083e-06
188	1.55601e-06
189	1.5322e-06
190	1.51062e-06
191	1.48901e-06
192	1.46867e-06
193	1.45037e-06
194	1.43139e-06
195	1.41329e-06
196	1.3971e-06
197	1.3845e-06
198	1.37188e-06
199	1.35799e-06
200	2.54954e-06
201	2.51916e-06
202	2.49937e-06
203	2.4805e-06
204	2.4562e-06
205	2.43288e-06
206	2.41358e-06
207	2.39941e-06
208	2.38345e-06
209	2.36731e-06
210	2.355e-06
211	2.34471e-06
212	2.33736e-06
213	2.33069e-06
214	2.32248e-06
215	2.31603e-06
216	2.31683e-06
217	2.31679e-06
218	2.31305e-06
219	2.31017e-06
220	2.31059e-06
221	2.31629e-06
222	2.32361e-06
223	2.33322e-06
224	2.34341e-06
225	2.35359e-06
226	2.36161e-06
227	2.37108e-06
228	1.21771e-06
229	1.22597e-06
230	1.23475e-06
231	1.24172e-06
232	1.24911e-06
233	1.25929e-06
234	1.26928e-06
235	1.2794e-06
236	1.2871e-06
237	1.29459e-06
238	1.30102e-06
239	1.30648e-06
240	1.30931e-06
241	1.31171e-06
242	1.31331e-06
243	1.31608e-06
244	1.31903e-06
245	1.32263e-06
246	1.32508e-06
247	1.32717e-06
248	1.3293e-06
249	1.33174e-06
250	1.33488e-06
251	1.33676e-06
252	1.33855e-06
253	1.34094e-06
254	1.34275e-06
255	1.34417e-06
256	1.34545e-06
257	1.34711e-06
258	1.34887e-06
259	1.35174e-06
260	1.35487e-06
261	1.35788e-06
262	1.35984e-06
263	1.36237e-06
264	1.36531e-06
265	1.36916e-06
266	1.37196e-06
267	1.37601e-06
268	1.37882e-06
269	1.38115e-06
270	1.38296e-06
271	1.38383e-06
272	1.3851e-06
273	1.39027e-06
274	1.39709e-06
275	1.40086e-06
276	1.40615e-06
277	1.40819e-06
278	1.40818e-06
279	1.41244e-06
280	1.41609e-06
281	1.41661e-06
282	1.41933e-06
283	1.41659e-06
284	1.41695e-06
285	1.41619e-06
286	1.41776e-06
287	1.41749e-06
288	1.41879e-06
289	1.41539e-06
290	1.40996e-06
291	1.40658e-06
292	1.40749e-06
293	1.40962e-06
294	1.4133e-06
295	1.41799e-06
296	1.42037e-06
297	1.42064e-06
298	1.42007e-06
299	1.41991e-06
300	1.42045e-06
301	1.42065e-06
302	1.42095e-06
303	1.42125e-06
304	1.42229e-06
305	1.42185e-06
306	1.42346e-06
307	1.42433e-06
308	1.42536e-06
309	1.42618e-06
310	1.42754e-06
311	1.42862e-06
312	1.432e-06
313	1.43596e-06
314	1.43865e-06
315	1.43939e-06
316	1.44064e-06
317	1.44091e-06
318	1.443e-06
319	1.44707e-06
320	1.45112e-06
321	1.45215e-06
322	1.45414e-06
323	1.45951e-06
324	1.46509e-06
325	1.46884e-06
326	1.47384e-06
327	1.47901e-06
328	1.48494e-06
329	1.49048e-06
330	1.49711e-06
331	1.50387e-06
332	1.51106e-06
333	1.51897e-06
334	1.52729e-06
335	1.53522e-06
336	1.54554e-06
337	1.55442e-06
338	1.56496e-06
339	1.5746e-06
340	1.58513e-06
341	1.59376e-06
342	1.60307e-06
343	1.61025e-06
344	1.61943e-06
345	1.62628e-06
346	1.63529e-06
347	1.64119e-06
348	1.64867e-06
349	1.65667e-06
350	1.6645e-06
351	1.67253e-06
352	1.67983e-06
353	1.68738e-06
354	1.69154e-06
355	1.69437e-06
356	1.69625e-06
357	1.69681e-06
358	1.6951e-06
359	1.69603e-06
360	1.69698e-06
361	1.69726e-06
362	1.69717e-06
363	1.69431e-06
364	1.69118e-06
365	1.68522e-06
366	1.67902e-06
367	1.67394e-06
368	1.66702e-06
369	1.65742e-06
370	1.64626e-06
371	1.63522e-06
372	1.62602e-06
373	1.61645e-06
374	1.60527e-06
375	1.59615e-06
376	1.58599e-06
377	1.57695e-06
378	1.56761e-06
379	1.55416e-06
380	1.54591e-06
381	1.53962e-06
382	1.53436e-06
383	1.5254e-06
384	1.51795e-06
385	1.51231e-06
386	1.50483e-06
387	1.49496e-06
388	1.48525e-06
389	1.47361e-06
390	1.46549e-06
391	1.45831e-06
392	1.45065e-06
393	1.44372e-06
394	1.43543e-06
395	1.42827e-06
396	1.4227e-06
397	1.41701e-06
398	1.41076e-06
399	1.40237e-06
400	1.39659e-06
401	1.39106e-06
402	1.38624e-06
403	1.38224e-06
404	1.38016e-06
405	1.37773e-06
406	1.37403e-06
407	1.36932e-06
408	1.3662e-06
409	1.36311e-06
410	1.36052e-06
411	1.35625e-06
412	1.35245e-06
413	1.34663e-06
414	1.34094e-06
415	1.33711e-06
416	1.33514e-06
417	1.33292e-06
418	1.33114e-06
419	1.32713e-06
420	1.32314e-06
421	1.31905e-06
422	1.31332e-06
423	1.30864e-06
424	1.30352e-06
425	1.29787e-06
426	1.29169e-06
427	1.2848e-06
428	1.27877e-06
429	1.27413e-06
430	1.27278e-06
431	1.27155e-06
432	1.26995e-06
433	1.269e-06
434	1.2663e-06
435	1.26608e-06
436	1.2647e-06
437	1.26201e-06
438	1.26052e-06
439	1.25913e-06
440	1.25511e-06
441	1.25132e-06
442	1.24739e-06
443	1.24487e-06
444	1.24017e-06
445	1.23411e-06
446	1.2295e-06
447	1.22325e-06
448	1.2163e-06
449	1.21089e-06
450	1.20405e-06
451	1.19701e-06
452	1.18933e-06
453	1.18159e-06
454	1.17358e-06
455	1.16561e-06
456	1.15721e-06
457	1.1509e-06
458	1.14552e-06
459	1.14031e-06
460	1.13723e-06
461	1.13467e-06
462	1.13085e-06
463	1.12735e-06
464	1.12284e-06
465	1.11912e-06
466	1.11637e-06
467	1.11532e-06
468	1.11583e-06
469	1.11796e-06
470	1.11934e-06
471	1.12083e-06
472	1.12107e-06
473	1.12252e-06
474	1.12281e-06
475	1.12414e-06
476	1.12695e-06
477	1.12956e-06
478	1.13344e-06
479	1.13745e-06
480	1.14248e-06
481	1.1461e-06
482	1.14967e-06
483	1.15335e-06
484	1.15798e-06
485	1.16244e-06
486	1.16895e-06
487	1.1739e-06
488	1.18306e-06
489	1.18889e-06
490	1.19497e-06
491	1.19924e-06
492	1.20518e-06
493	1.21324e-06
494	1.22127e-06
495	1.22865e-06
496	1.23587e-06
497	1.24329e-06
498	1.25217e-06
499	1.26088e-06
500	1.27204e-06
501	1.28372e-06
502	1.29442e-06
503	1.30573e-06
504	1.31733e-06
505	1.32826e-06
506	1.33994e-06
507	1.35088e-06
508	1.36227e-06
509	1.37382e-06
510	1.38425e-06
511	1.39383e-06
512	1.40387e-06
513	1.4153e-06
514	1.42946e-06
515	1.44165e-06
516	1.45355e-06
517	1.46377e-06
518	1.47333e-06
519	1.48143e-06
520	1.49006e-06
521	1.49922e-06
522	1.50978e-06
523	1.51843e-06
524	1.52796e-06
525	1.53777e-06
526	1.54671e-06
527	1.55443e-06
528	1.56373e-06
529	1.57283e-06
530	1.57968e-06
531	1.58673e-06
532	1.59468e-06
533	1.60015e-06
534	1.60398e-06
535	1.60711e-06
536	1.61081e-06
537	1.61694e-06
538	1.6252e-06
539	1.63246e-06
540	1.63857e-06
541	1.64403e-06
542	1.64819e-06
543	1.65363e-06
544	1.66081e-06
545	1.66911e-06
546	1.67806e-06
547	1.68698e-06
548	1.69522e-06
549	1.70196e-06
550	1.70825e-06
551	1.71232e-06
552	1.71751e-06
553	1.72054e-06
554	1.7243e-06
555	1.72834e-06
556	1.73175e-06
557	1.73688e-06
558	1.74271e-06
559	1.7489e-06
560	1.75078e-06
561	1.75203e-06
562	1.75164e-06
563	1.75038e-06
564	1.7499e-06
565	1.74929e-06
566	1.74924e-06
567	1.74774e-06
568	1.74907e-06
569	1.75209e-06
570	1.75677e-06
571	1.76016e-06
572	1.76291e-06
573	1.76094e-06
574	1.75676e-06
575	1.74991e-06
576	1.74605e-06
577	1.74303e-06
578	1.74194e-06
579	1.73531e-06
580	1.73066e-06
581	1.72557e-06
582	1.72168e-06
583	1.71674e-06
584	1.71046e-06
585	1.7041e-06
586	1.69733e-06
587	1.68854e-06
588	1.68005e-06
589	1.67026e-06
590	1.65929e-06
591	1.64997e-06
592	1.64383e-06
593	1.63823e-06
594	1.63357e-06
595	1.62804e-06
596	1.61954e-06
597	1.61056e-06
598	1.60204e-06
599	1.59364e-06
600	1.58558e-06
601	1.57797e-06
602	1.57044e-06
603	1.56369e-06
604	1.55852e-06
605	1.55223e-06
606	1.54387e-06
607	1.53822e-06
608	1.53342e-06
609	1.52764e-06
610	1.52187e-06
611	1.51678e-06
612	1.51603e-06
613	1.51965e-06
614	1.52714e-06
615	1.53519e-06
616	1.54614e-06
617	1.56041e-06
618	1.57729e-06
619	1.59646e-06
620	1.6197e-06
621	1.64743e-06
622	1.67943e-06
623	1.71454e-06
624	1.75653e-06
625	1.80005e-06
626	1.84206e-06
627	1.87637e-06
628	1.90489e-06
629	1.9343e-06
630	1.95909e-06
631	1.98007e-06
632	1.99887e-06
633	2.01421e-06
634	2.02427e-06
635	2.02892e-06
636	2.031e-06
637	2.0278e-06
638	2.02509e-06
639	2.02266e-06
640	2.01967e-06
641	2.01642e-06
642	2.01366e-06
643	2.00818e-06
644	2.00501e-06
645	1.0811e-06
646	1.07697e-06
647	1.07235e-06
648	1.06847e-06
649	1.0639e-06
650	1.06119e-06
651	1.05718e-06
652	1.05278e-06
653	1.04818e-06
654	1.04517e-06
655	1.04112e-06
656	1.03862e-06
657	1.03443e-06
658	1.03132e-06
659	1.02784e-06
660	1.02532e-06
661	1.02257e-06
662	1.02058e-06
663	1.01783e-06
664	1.01477e-06
665	1.01232e-06
666	1.01031e-06
667	1.00801e-06
668	1.0056e-06
669	1.00353e-06
670	1.00173e-06
671	1.00056e-06
672	9.98787e-07
673	9.97637e-07
674	9.95783e-07
675	9.9402e-07
676	9.92343e-07
677	9.91257e-07
678	9.901e-07
679	9.89459e-07
680	9.87877e-07
681	9.85736e-07
682	9.84923e-07
683	9.83826e-07
684	9.82645e-07
685	9.81561e-07
686	9.79673e-07
687	9.77853e-07
688	9.75624e-07
689	9.72685e-07
690	9.70154e-07
691	9.67494e-07
692	9.64711e-07
693	9.61744e-07
694	9.59113e-07
695	9.55951e-07
696	9.53053e-07
697	9.49384e-07
698	9.46056e-07
699	9.42043e-07
700	9.38422e-07
701	9.34349e-07
702	9.30415e-07
703	9.25815e-07
704	9.2132e-07
705	9.16652e-07
706	9.11965e-07
707	9.06987e-07
708	9.02056e-07
709	8.96904e-07
710	8.91915e-07
711	8.87174e-07
712	8.82233e-07
713	8.76971e-07
714	8.71741e-07
715	8.67755e-07
716	8.62445e-07
717	8.55173e-07
718	8.48158e-07
719	8.41564e-07
720	8.35461e-07
721	8.29328e-07
722	8.22938e-07
723	8.1591e-07
724	8.09059e-07
725	8.02662e-07
726	7.96535e-07
727	7.8969e-07
728	7.82507e-07
729	7.75672e-07
730	7.68671e-07
731	7.61594e-07
732	7.54357e-07
733	7.47432e-07
734	7.4031e-07
735	7.32959e-07
736	7.25757e-07
737	7.19069e-07
738	7.12392e-07
739	7.05193e-07
740	6.98074e-07
741	6.9121e-07
742	6.84301e-07
743	6.77523e-07
744	6.70345e-07
745	6.63295e-07
746	6.55588e-07
747	6.48564e-07
748	6.40888e-07
749	6.33899e-07
750	6.26489e-07
751	6.19464e-07
752	6.12703e-07
753	6.05724e-07
754	5.98333e-07
755	5.32125e-07
756	5.4749e-07
757	5.85963e-07
758	5.92428e-07
759	5.71225e-07
760	5.50408e-07
761	5.42337e-07
762	5.40388e-07
763	5.36568e-07
764	5.27504e-07
765	9.96379e-07
766	9.81532e-07
767	9.69414e-07
768	9.55792e-07
769	9.42514e-07
770	9.27568e-07
771	9.12733e-07
772	8.97251e-07
773	8.84088e-07
774	8.69664e-07
775	8.56526e-07
776	8.41804e-07
777	8.28076e-07
778	8.13921e-07
779	8.00821e-07
780	7.90828e-07
781	7.78476e-07
782	7.62751e-07
783	7.48363e-07
784	7.3393e-07
785	7.2177e-07
786	7.08082e-07
787	6.95163e-07
788	6.81074e-07
789	6.68612e-07
790	6.54792e-07
791	9.8908e-07
792	9.65036e-07
793	9.53561e-07
794	9.34887e-07
795	9.14014e-07
796	8.90644e-07
797	8.72577e-07
798	8.52587e-07
799	8.34973e-07
800	8.14669e-07
801	7.9709e-07
802	7.77048e-07
803	7.60305e-07
804	7.40511e-07
805	7.23483e-07
806	7.04616e-07
807	6.88695e-07
808	6.70547e-07
809	6.55104e-07
810	6.37731e-07
811	6.22863e-07
812	6.06081e-07
813	5.92123e-07
814	5.75808e-07
815	5.62744e-07
816	5.47831e-07
817	5.3555e-07
818	5.21778e-07
819	5.11054e-07
820	9.80577e-07
821	9.65701e-07
822	9.41595e-07
823	9.18655e-07
824	8.92466e-07
825	8.74527e-07
826	8.54505e-07
827	8.37566e-07
828	8.1678e-07
829	7.99716e-07
830	7.80884e-07
831	7.65514e-07
832	7.47071e-07
833	7.31421e-07
834	7.16009e-07
835	7.02539e-07
836	6.87322e-07
837	6.74861e-07
838	6.62018e-07
839	6.50412e-07
840	6.39133e-07
841	6.29818e-07
842	6.20321e-07
843	6.11341e-07
844	6.03046e-07
845	5.97153e-07
846	5.92041e-07
847	5.87361e-07
848	5.83339e-07
849	5.79882e-07
850	5.76942e-07
851	5.7442e-07
852	5.72291e-07
853	5.6978e-07
854	5.699e-07
855	5.68264e-07
856	5.67378e-07
857	5.67067e-07
858	5.68579e-07
859	5.69252e-07
860	5.70312e-07
861	5.71721e-07
862	5.73e-07
863	5.74456e-07
864	5.74732e-07
865	5.77183e-07
866	5.7682e-07
867	5.78356e-07
868	5.78137e-07
869	5.7991e-07
870	5.79269e-07
871	5.82249e-07
872	5.8145e-07
873	5.85491e-07
874	5.8454e-07
875	5.89523e-07
876	5.87134e-07
877	5.90878e-07
878	5.8745e-07
879	5.92189e-07
880	5.89168e-07
881	5.94458e-07
882	5.89671e-07
883	5.9543e-07
884	5.89847e-07
885	5.95553e-07
886	5.89284e-07
887	5.96756e-07
888	5.91411e-07
889	5.97895e-07
890	5.89055e-07
891	5.95383e-07
892	9.98301e-07
893	6.00061e-07
894	9.92109e-07
895	9.98254e-07
896	9.90132e-07
897	9.90771e-07
898	9.77506e-07
899	9.79139e-07
900	9.67235e-07
901	9.70141e-07
902	9.56687e-07
903	9.60731e-07
904	9.45977e-07
905	9.49696e-07
906	9.37434e-07
907	9.43203e-07
908	9.30362e-07
909	9.34821e-07
910	9.20089e-07
911	9.24864e-07
912	9.10126e-07
913	9.15065e-07
914	9.62e-07
915	9.35956e-07
916	8.76841e-07
917	8.74543e-07
918	8.76392e-07
919	8.95723e-07
920	8.77921e-07
921	8.76274e-07
922	8.57768e-07
923	8.66127e-07
924	8.54154e-07
925	8.59843e-07
926	8.42474e-07
927	6.33927e-07
928	6.83213e-07
929	9.51831e-07
930	9.90134e-07
931	8.78724e-07
932	7.53045e-07
933	7.68614e-07
934	8.06864e-07
935	8.17885e-07
936	7.84383e-07
937	7.90729e-07
938	7.80428e-07
939	7.86577e-07
940	7.69495e-07
941	7.70525e-07
942	7.53389e-07
943	7.57197e-07
944	7.43934e-07
945	7.48395e-07
946	7.33074e-07
947	7.37522e-07
948	7.22614e-07
949	7.27383e-07
950	7.10484e-07
951	7.12878e-07
952	6.96925e-07
953	7.0073e-07
954	6.86003e-07
955	6.90428e-07
956	6.76137e-07
957	6.79327e-07
958	6.63819e-07
959	6.6744e-07
960	6.5214e-07
961	6.55219e-07
962	6.40908e-07
963	6.43705e-07
964	6.29808e-07
965	6.32707e-07
966	6.18364e-07
967	6.14862e-07
968	6.00806e-07
969	5.9681e-07
970	5.83168e-07
971	5.84783e-07
972	5.76818e-07
973	5.77585e-07
974	5.70114e-07
975	5.69584e-07
976	5.61107e-07
977	5.59672e-07
978	5.51517e-07
979	5.49209e-07
980	5.40439e-07
981	5.36901e-07
982	5.27295e-07
983	5.23391e-07
984	5.14068e-07
985	5.11311e-07
986	5.03428e-07
987	5.00468e-07
988	4.92556e-07
989	9.96276e-07
990	4.96464e-07
991	9.83677e-07
992	9.79452e-07
993	9.84515e-07
994	9.68011e-07
995	9.59171e-07
996	9.41438e-07
997	9.40001e-07
998	9.27053e-07
999	9.24617e-07
1000	9.10104e-07
