1	11
2	13
3	10
4	12
5	12
6	8
7	11
8	10
9	10
10	11
11	9
12	10
13	9
14	8
15	10
16	9
17	8
18	8
19	7
20	9
21	8
22	7
23	7
24	7
25	8
26	8
27	8
28	7
29	8
30	8
31	8
32	8
33	8
34	8
35	8
36	8
37	8
38	8
39	8
40	8
41	8
42	8
43	8
44	8
45	8
46	8
47	8
48	8
49	9
50	9
51	9
52	9
53	9
54	9
55	9
56	9
57	9
58	9
59	9
60	9
61	9
62	9
63	9
64	9
65	9
66	9
67	9
68	9
69	9
70	9
71	9
72	9
73	8
74	8
75	8
76	8
77	8
78	8
79	8
80	8
81	8
82	8
83	8
84	8
85	8
86	8
87	8
88	8
89	8
90	8
91	8
92	8
93	8
94	8
95	8
96	8
97	8
98	9
99	9
100	9
101	9
102	9
103	9
104	9
105	9
106	9
107	9
108	9
109	9
110	8
111	8
112	8
113	8
114	8
115	8
116	8
117	8
118	8
119	8
120	8
121	8
122	8
123	8
124	8
125	8
126	8
127	8
128	8
129	8
130	9
131	9
132	9
133	9
134	9
135	9
136	9
137	9
138	9
139	9
140	9
141	9
142	9
143	9
144	9
145	9
146	9
147	9
148	9
149	9
150	9
151	9
152	9
153	9
154	9
155	9
156	9
157	9
158	9
159	9
160	9
161	9
162	9
163	9
164	9
165	9
166	9
167	9
168	9
169	9
170	9
171	9
172	9
173	9
174	9
175	9
176	9
177	9
178	9
179	9
180	9
181	9
182	9
183	9
184	9
185	9
186	9
187	9
188	9
189	9
190	9
191	9
192	9
193	9
194	9
195	9
196	9
197	9
198	9
199	9
200	8
201	8
202	8
203	8
204	8
205	8
206	8
207	8
208	8
209	8
210	8
211	8
212	8
213	8
214	8
215	8
216	8
217	8
218	8
219	8
220	8
221	8
222	8
223	8
224	8
225	8
226	8
227	8
228	9
229	9
230	9
231	9
232	9
233	9
234	9
235	9
236	9
237	9
238	9
239	9
240	9
241	9
242	9
243	9
244	9
245	9
246	9
247	9
248	9
249	9
250	9
251	9
252	9
253	9
254	9
255	9
256	9
257	9
258	9
259	9
260	9
261	9
262	9
263	9
264	9
265	9
266	9
267	9
268	9
269	9
270	9
271	9
272	9
273	9
274	9
275	9
276	9
277	9
278	9
279	9
280	9
281	9
282	9
283	9
284	9
285	9
286	9
287	9
288	9
289	9
290	9
291	9
292	9
293	9
294	9
295	9
296	9
297	9
298	9
299	9
300	9
301	9
302	9
303	9
304	9
305	9
306	9
307	9
308	9
309	9
310	9
311	9
312	9
313	9
314	9
315	9
316	9
317	9
318	9
319	9
320	9
321	9
322	9
323	9
324	9
325	9
326	9
327	9
328	9
329	9
330	9
331	9
332	9
333	9
334	9
335	9
336	9
337	9
338	9
339	9
340	9
341	9
342	9
343	9
344	9
345	9
346	9
347	9
348	9
349	9
350	9
351	9
352	9
353	9
354	9
355	9
356	9
357	9
358	9
359	9
360	9
361	9
362	9
363	9
364	9
365	9
366	9
367	9
368	9
369	9
370	9
371	9
372	9
373	9
374	9
375	9
376	9
377	9
378	9
379	9
380	9
381	9
382	9
383	9
384	9
385	9
386	9
387	9
388	9
389	9
390	9
391	9
392	9
393	9
394	9
395	9
396	9
397	9
398	9
399	9
400	9
401	9
402	9
403	9
404	9
405	9
406	9
407	9
408	9
409	9
410	9
411	9
412	9
413	9
414	9
415	9
416	9
417	9
418	9
419	9
420	9
421	9
422	9
423	9
424	9
425	9
426	9
427	9
428	9
429	9
430	9
431	9
432	9
433	9
434	9
435	9
436	9
437	9
438	9
439	9
440	9
441	9
442	9
443	9
444	9
445	9
446	9
447	9
448	9
449	9
450	9
451	9
452	9
453	9
454	9
455	9
456	9
457	9
458	9
459	9
460	9
461	9
462	9
463	9
464	9
465	9
466	9
467	9
468	9
469	9
470	9
471	9
472	9
473	9
474	9
475	9
476	9
477	9
478	9
479	9
480	9
481	9
482	9
483	9
484	9
485	9
486	9
487	9
488	9
489	9
490	9
491	9
492	9
493	9
494	9
495	9
496	9
497	9
498	9
499	9
500	9
501	9
502	9
503	9
504	9
505	9
506	9
507	9
508	9
509	9
510	9
511	9
512	9
513	9
514	9
515	9
516	9
517	9
518	9
519	9
520	9
521	9
522	9
523	9
524	9
525	9
526	9
527	9
528	9
529	9
530	9
531	9
532	9
533	9
534	9
535	9
536	9
537	9
538	9
539	9
540	9
541	9
542	9
543	9
544	9
545	9
546	9
547	9
548	9
549	9
550	9
551	9
552	9
553	9
554	9
555	9
556	9
557	9
558	9
559	9
560	9
561	9
562	9
563	9
564	9
565	9
566	9
567	9
568	9
569	9
570	9
571	9
572	9
573	9
574	9
575	9
576	9
577	9
578	9
579	9
580	9
581	9
582	9
583	9
584	9
585	9
586	9
587	9
588	9
589	9
590	9
591	9
592	9
593	9
594	9
595	9
596	9
597	9
598	9
599	9
600	9
601	9
602	9
603	9
604	9
605	9
606	9
607	9
608	9
609	9
610	9
611	9
612	9
613	9
614	9
615	9
616	9
617	9
618	9
619	9
620	9
621	9
622	9
623	9
624	9
625	9
626	9
627	9
628	9
629	9
630	9
631	9
632	9
633	9
634	9
635	9
636	9
637	9
638	9
639	9
640	9
641	9
642	9
643	9
644	9
645	10
646	10
647	10
648	10
649	10
650	10
651	10
652	10
653	10
654	10
655	10
656	10
657	10
658	10
659	10
660	10
661	10
662	10
663	10
664	10
665	10
666	10
667	10
668	10
669	10
670	10
671	10
672	10
673	10
674	10
675	10
676	10
677	10
678	10
679	10
680	10
681	10
682	10
683	10
684	10
685	10
686	10
687	10
688	10
689	10
690	10
691	10
692	10
693	10
694	10
695	10
696	10
697	10
698	10
699	10
700	10
701	10
702	10
703	10
704	10
705	10
706	10
707	10
708	10
709	10
710	10
711	10
712	10
713	10
714	10
715	10
716	10
717	10
718	10
719	10
720	10
721	10
722	10
723	10
724	10
725	10
726	10
727	10
728	10
729	10
730	10
731	10
732	10
733	10
734	10
735	10
736	10
737	10
738	10
739	10
740	10
741	10
742	10
743	10
744	10
745	10
746	10
747	10
748	10
749	10
750	10
751	10
752	10
753	10
754	10
755	10
756	10
757	10
758	10
759	10
760	10
761	10
762	10
763	10
764	10
765	9
766	9
767	9
768	9
769	9
770	9
771	9
772	9
773	9
774	9
775	9
776	9
777	9
778	9
779	9
780	9
781	9
782	9
783	9
784	9
785	9
786	9
787	9
788	9
789	9
790	9
791	8
792	8
793	8
794	8
795	8
796	8
797	8
798	8
799	8
800	8
801	8
802	8
803	8
804	8
805	8
806	8
807	8
808	8
809	8
810	8
811	8
812	8
813	8
814	8
815	8
816	8
817	8
818	8
819	8
820	7
821	7
822	7
823	7
824	7
825	7
826	7
827	7
828	7
829	7
830	7
831	7
832	7
833	7
834	7
835	7
836	7
837	7
838	7
839	7
840	7
841	7
842	7
843	7
844	7
845	7
846	7
847	7
848	7
849	7
850	7
851	7
852	7
853	7
854	7
855	7
856	7
857	7
858	7
859	7
860	7
861	7
862	7
863	7
864	7
865	7
866	7
867	7
868	7
869	7
870	7
871	7
872	7
873	7
874	7
875	7
876	7
877	7
878	7
879	7
880	7
881	7
882	7
883	7
884	7
885	7
886	7
887	7
888	7
889	7
890	7
891	7
892	6
893	7
894	6
895	6
896	6
897	6
898	6
899	6
900	6
901	6
902	6
903	6
904	6
905	6
906	6
907	6
908	6
909	6
910	6
911	6
912	6
913	6
914	6
915	6
916	6
917	6
918	6
919	6
920	6
921	6
922	6
923	6
924	6
925	6
926	6
927	6
928	6
929	6
930	6
931	6
932	6
933	6
934	6
935	6
936	6
937	6
938	6
939	6
940	6
941	6
942	6
943	6
944	6
945	6
946	6
947	6
948	6
949	6
950	6
951	6
952	6
953	6
954	6
955	6
956	6
957	6
958	6
959	6
960	6
961	6
962	6
963	6
964	6
965	6
966	6
967	6
968	6
969	6
970	6
971	6
972	6
973	6
974	6
975	6
976	6
977	6
978	6
979	6
980	6
981	6
982	6
983	6
984	6
985	6
986	6
987	6
988	6
989	5
990	6
991	5
992	5
993	5
994	5
995	5
996	5
997	5
998	5
999	5
1000	5
