1	1
2	0.0117634
3	0.0272485
4	0.0397772
5	0.0555208
6	0.153667
7	0.257632
8	0.163872
9	0.280533
10	0.167133
11	0.356681
12	0.236979
13	0.193744
14	0.208229
15	0.162695
16	0.152486
17	0.130693
18	0.115935
19	0.0984192
20	0.0852105
21	0.074909
22	0.0601866
23	0.051755
24	0.0438324
25	0.0357993
26	0.0291243
27	0.0250307
28	0.0203115
29	0.016781
30	0.0146625
31	0.0122811
32	0.0109971
33	0.00963339
34	0.00899066
35	0.00818363
36	0.00777952
37	0.0072589
38	0.00705083
39	0.00668685
40	0.00642933
41	0.00615281
42	0.00593633
43	0.00576895
44	0.00553735
45	0.0053901
46	0.00523142
47	0.00505546
48	0.00493963
49	0.00479728
50	0.00466933
51	0.00452795
52	0.00444276
53	0.00433542
54	0.00422471
55	0.0041403
56	0.00408557
57	0.00399013
58	0.00394261
59	0.00388471
60	0.00384089
61	0.00376602
62	0.00364377
63	0.00355176
64	0.0034935
65	0.00344429
66	0.00338131
67	0.00331603
68	0.00328684
69	0.0032283
70	0.00317994
71	0.00313327
72	0.00308849
73	0.00305051
74	0.00301624
75	0.003
76	0.00296233
77	0.00292948
78	0.00289652
79	0.00287061
80	0.00285883
81	0.00283087
82	0.00280337
83	0.00277661
84	0.00276302
85	0.00273647
86	0.00272169
87	0.0027022
88	0.00268018
89	0.00266036
90	0.00265214
91	0.00264001
92	0.00262891
93	0.00261803
94	0.00261232
95	0.00259452
96	0.00258278
97	0.00257202
98	0.00256081
99	0.00254911
100	0.00254829
101	0.0025431
102	0.00253839
103	0.0025305
104	0.00252683
105	0.00251523
106	0.00250382
107	0.00248773
108	0.00247737
109	0.00247335
110	0.00247279
111	0.00247039
112	0.0024651
113	0.00245671
114	0.00245017
115	0.00244506
116	0.0024369
117	0.00242685
118	0.00241811
119	0.00241396
120	0.0024053
121	0.00239866
122	0.00239643
123	0.00238694
124	0.00238106
125	0.00237976
126	0.00237672
127	0.00236978
128	0.00236749
129	0.0023618
130	0.00235999
131	0.00235849
132	0.00235573
133	0.00235133
134	0.00235024
135	0.00234685
136	0.00234243
137	0.00233881
138	0.00233729
139	0.00233539
140	0.00233417
141	0.00233577
142	0.00233505
143	0.00233245
144	0.00233093
145	0.00233083
146	0.00233417
147	0.00233413
148	0.00233718
149	0.00233533
150	0.00233577
151	0.00233612
152	0.00233922
153	0.00234344
154	0.00235029
155	0.00235634
156	0.00235681
157	0.00235849
158	0.0023648
159	0.00236881
160	0.00237435
161	0.00237803
162	0.00238334
163	0.00239121
164	0.0023956
165	0.00240325
166	0.00241156
167	0.00241875
168	0.00242862
169	0.00243761
170	0.00244718
171	0.00245461
172	0.00245999
173	0.0024611
174	0.00246396
175	0.00246779
176	0.00247245
177	0.00247571
178	0.00247824
179	0.00248061
180	0.00248489
181	0.00248806
182	0.00248834
183	0.00249283
184	0.00249647
185	0.00250443
186	0.00250922
187	0.00251113
188	0.00251692
189	0.0025191
190	0.00252342
191	0.00252398
192	0.00252652
193	0.00253217
194	0.00253958
195	0.00254493
196	0.00254837
197	0.00255331
198	0.00255664
199	0.00255937
200	0.0025615
201	0.00257007
202	0.00257539
203	0.00257973
204	0.00258063
205	0.00258715
206	0.0025942
207	0.00259615
208	0.00259691
209	0.00260085
210	0.00260492
211	0.00261149
212	0.00261404
213	0.00261709
214	0.00262189
215	0.00262882
216	0.00263605
217	0.00264045
218	0.00265012
219	0.00265636
220	0.00266507
221	0.00267099
222	0.00267856
223	0.00268764
224	0.00269585
225	0.00270417
226	0.00271429
227	0.00272268
228	0.00273652
229	0.00274496
230	0.00275134
231	0.00276367
232	0.00277608
233	0.00278778
234	0.0027983
235	0.00281007
236	0.00281814
237	0.00282839
238	0.00284066
239	0.00285273
240	0.0028641
241	0.00287523
242	0.00288738
243	0.00289994
244	0.00291008
245	0.00292439
246	0.00293659
247	0.00294963
248	0.00296133
249	0.00297627
250	0.0029951
251	0.0030096
252	0.00302588
253	0.00304168
254	0.00305795
255	0.00307583
256	0.00309212
257	0.0031121
258	0.00312845
259	0.00314698
260	0.00316719
261	0.0031826
262	0.00320179
263	0.00321716
264	0.0032343
265	0.00326011
266	0.0032846
267	0.0033135
268	0.00333609
269	0.00335969
270	0.00337882
271	0.00340173
272	0.0034212
273	0.00344336
274	0.0034692
275	0.00349148
276	0.00351917
277	0.00354573
278	0.00358014
279	0.00360726
280	0.00363661
281	0.00366387
282	0.00369592
283	0.0037247
284	0.00376145
285	0.00379454
286	0.00382815
287	0.0038651
288	0.00390055
289	0.0039377
290	0.00398121
291	0.00402143
292	0.00405993
293	0.00410498
294	0.00414829
295	0.00419295
296	0.00425186
297	0.0042948
298	0.00434372
299	0.00435565
300	0.00430883
301	0.00423732
302	0.00414125
303	0.00403828
304	0.00393643
305	0.00383831
306	0.00374183
307	0.00365278
308	0.00356951
309	0.00348872
310	0.00341109
311	0.00333708
312	0.00327042
313	0.00320268
314	0.00313762
315	0.00307184
316	0.00301074
317	0.00294895
318	0.00289419
319	0.00284069
320	0.00278756
321	0.00273211
322	0.00268201
323	0.00263348
324	0.0025847
325	0.00253977
326	0.00249617
327	0.00245677
328	0.00241598
329	0.00237493
330	0.00233349
331	0.00229449
332	0.00225899
333	0.00222081
334	0.00218334
335	0.0021495
336	0.00211761
337	0.00208392
338	0.00205244
339	0.00202326
340	0.00199565
341	0.00196648
342	0.00193925
343	0.00190926
344	0.00188223
345	0.00185991
346	0.00183394
347	0.0018084
348	0.00178736
349	0.00176419
350	0.00174272
351	0.00171793
352	0.00169419
353	0.00167428
354	0.00165062
355	0.0016301
356	0.00161174
357	0.00159092
358	0.0015717
359	0.00155322
360	0.0015354
361	0.00151636
362	0.00149791
363	0.00148068
364	0.00146154
365	0.00144166
366	0.00142567
367	0.00140828
368	0.00138912
369	0.00137192
370	0.0013575
371	0.00134325
372	0.00132818
373	0.00131141
374	0.00129392
375	0.00127915
376	0.00126478
377	0.00125164
378	0.00123594
379	0.00122177
380	0.00120736
381	0.00119387
382	0.00117932
383	0.00116556
384	0.00115218
385	0.00113909
386	0.00112565
387	0.00111434
388	0.00110343
389	0.00109003
390	0.00107637
391	0.00106409
392	0.00105312
393	0.00104071
394	0.00103002
395	0.00102071
396	0.00100992
397	0.00100048
398	0.00098936
399	0.000977712
400	0.000968697
401	0.00095987
402	0.000950932
403	0.00094173
404	0.000929725
405	0.000921805
406	0.00091187
407	0.00090272
408	0.000893767
409	0.000885129
410	0.00087524
411	0.000867321
412	0.000859089
413	0.000854219
414	0.00084677
415	0.000837984
416	0.000829624
417	0.000820506
418	0.000814124
419	0.000806849
420	0.000799385
421	0.000791885
422	0.00078551
423	0.00078171
424	0.000775652
425	0.000765902
426	0.000758247
427	0.000753543
428	0.000747016
429	0.000741214
430	0.00073187
431	0.000726651
432	0.000720787
433	0.000715475
434	0.000710168
435	0.000705454
436	0.000698739
437	0.000691825
438	0.000686061
439	0.000682208
440	0.000676031
441	0.000671111
442	0.000664996
443	0.000660896
444	0.000656579
445	0.000651875
446	0.000646715
447	0.000642732
448	0.000639671
449	0.000634787
450	0.00062951
451	0.000624999
452	0.00062092
453	0.000616548
454	0.000611232
455	0.000607237
456	0.0006028
457	0.000600329
458	0.000596309
459	0.000592608
460	0.00058915
461	0.000586358
462	0.00058262
463	0.000579274
464	0.000576264
465	0.000573197
466	0.000568746
467	0.000567865
468	0.000564232
469	0.000560261
470	0.000557028
471	0.000554785
472	0.000552045
473	0.00054919
474	0.000546832
475	0.00054492
476	0.000543394
477	0.000540923
478	0.000537411
479	0.000535408
480	0.000534367
481	0.000530639
482	0.00055852
483	0.000539338
484	0.000528877
485	0.000525093
486	0.000519942
487	0.000518141
488	0.000515415
489	0.000513501
490	0.000510971
491	0.000509114
492	0.00050776
493	0.000504999
494	0.000502263
495	0.00050014
496	0.000498715
497	0.000495505
498	0.000493016
499	0.000491545
500	0.000489219
501	0.000487635
502	0.00048693
503	0.000484803
504	0.000484266
505	0.00048189
506	0.000479407
507	0.000477207
508	0.000476794
509	0.000473483
510	0.000471007
511	0.000469349
512	0.000468514
513	0.000468242
514	0.000465864
515	0.000464875
516	0.000463009
517	0.00046186
518	0.00046026
519	0.000457964
520	0.000457074
521	0.000455798
522	0.000454491
523	0.000451136
524	0.00045047
525	0.000449593
526	0.000447972
527	0.00044741
528	0.000447172
529	0.000445508
530	0.000443547
531	0.000442064
532	0.000439894
533	0.000438476
534	0.000436697
535	0.000436662
536	0.000436768
537	0.000434944
538	0.00043477
539	0.000431735
540	0.000431452
541	0.000430394
542	0.000428892
543	0.000426902
544	0.000425773
545	0.000425222
546	0.000423733
547	0.000422774
548	0.000422103
549	0.000419908
550	0.000419443
551	0.000417877
552	0.000416401
553	0.000416017
554	0.000413774
555	0.000413952
556	0.000412738
557	0.00041142
558	0.000409913
559	0.000408928
560	0.000407731
561	0.000407013
562	0.000405785
563	0.000404666
564	0.000403391
565	0.000402947
566	0.000400623
567	0.00039983
568	0.000399078
569	0.000397062
570	0.000395556
571	0.000394686
572	0.000393076
573	0.000392499
574	0.000390979
575	0.000391314
576	0.000389391
577	0.000388524
578	0.000387001
579	0.00038621
580	0.000384198
581	0.000382545
582	0.000382171
583	0.000381604
584	0.000380745
585	0.000379666
586	0.000379611
587	0.000377982
588	0.000377158
589	0.000377033
590	0.000375206
591	0.000373856
592	0.000373648
593	0.00037222
594	0.000370773
595	0.000370099
596	0.000369312
597	0.000368777
598	0.000368307
599	0.000367649
600	0.000365345
601	0.00036458
602	0.00036383
603	0.000362234
604	0.000361821
605	0.000360846
606	0.000359436
607	0.000359085
608	0.000357808
609	0.000357411
610	0.000355286
611	0.000354752
612	0.000353292
613	0.000353193
614	0.00035177
615	0.000351056
616	0.000350623
617	0.000349484
618	0.000349386
619	0.000388876
620	0.000366832
621	0.00035145
622	0.00035053
623	0.000346991
624	0.000345217
625	0.000343228
626	0.000341719
627	0.000340234
628	0.000339187
629	0.000337733
630	0.000337283
631	0.000335621
632	0.000335349
633	0.000334698
634	0.00033499
635	0.000333477
636	0.000331833
637	0.000331334
638	0.000330835
639	0.000329228
640	0.000328398
641	0.000327495
642	0.000326639
643	0.000325413
644	0.000323774
645	0.000323284
646	0.000323618
647	0.000321852
648	0.000321487
649	0.000320926
650	0.000319482
651	0.000318917
652	0.000317703
653	0.000316252
654	0.0003155
655	0.000314421
656	0.000313589
657	0.000312565
658	0.000311164
659	0.000310319
660	0.00030962
661	0.000309019
662	0.000309943
663	0.000308793
664	0.000308713
665	0.000307382
666	0.000307208
667	0.000306426
668	0.000305044
669	0.000304519
670	0.000302927
671	0.000302959
672	0.000299728
673	0.000300147
674	0.000299314
675	0.000299743
676	0.000298551
677	0.00029838
678	0.000296747
679	0.000296879
680	0.000294669
681	0.000294093
682	0.000292553
683	0.000292932
684	0.000290483
685	0.000289915
686	0.000288747
687	0.000287732
688	0.000286609
689	0.000285606
690	0.000284458
691	0.000283388
692	0.000281491
693	0.000280954
694	0.000280317
695	0.000279573
696	0.000277881
697	0.000277427
698	0.000276985
699	0.000275941
700	0.000274774
701	0.000273859
702	0.000272666
703	0.000271505
704	0.000270926
705	0.000269552
706	0.000267608
707	0.00026806
708	0.000266599
709	0.000266483
710	0.000265216
711	0.000264431
712	0.000263352
713	0.000262295
714	0.000261741
715	0.000262073
716	0.000260398
717	0.000258811
718	0.000258111
719	0.000256976
720	0.000254846
721	0.000254618
722	0.000253136
723	0.000253194
724	0.000251901
725	0.000250589
726	0.000249859
727	0.000248576
728	0.000247448
729	0.000246723
730	0.000246626
731	0.00024557
732	0.000244834
733	0.000243111
734	0.000242031
735	0.000241286
736	0.000303536
737	0.000267831
738	0.000247518
739	0.000244086
740	0.000238589
741	0.00023759
742	0.000236272
743	0.000233713
744	0.000232193
745	0.000231357
746	0.000229209
747	0.000229001
748	0.000228419
749	0.000227728
750	0.000226287
751	0.000225194
752	0.00022405
753	0.000223531
754	0.000223712
755	0.00022178
756	0.00022102
757	0.000221697
758	0.000219821
759	0.000219075
760	0.000218067
761	0.000216236
762	0.000215606
763	0.000214386
764	0.000213486
765	0.000212432
766	0.000211317
767	0.00021017
768	0.000209421
769	0.000208768
770	0.000207207
771	0.00020685
772	0.000206305
773	0.000205726
774	0.000204
775	0.000203878
776	0.000201384
777	0.00020106
778	0.000200014
779	0.000199377
780	0.000198214
781	0.000198127
782	0.000196863
783	0.000196013
784	0.000194617
785	0.000194479
786	0.000192966
787	0.000192637
788	0.000190529
789	0.000190545
790	0.000189843
791	0.000190831
792	0.000187924
793	0.000187861
794	0.000185572
795	0.000185312
796	0.000183691
797	0.000182482
798	0.000181154
799	0.000181178
800	0.000179845
801	0.000179214
802	0.00017742
803	0.000176668
804	0.000175761
805	0.000175739
806	0.00017437
807	0.000173626
808	0.000172173
809	0.000170968
810	0.000169843
811	0.000169459
812	0.000168519
813	0.00016705
814	0.000166556
815	0.000165787
816	0.000164846
817	0.000164049
818	0.000163434
819	0.000163673
820	0.000162238
821	0.000160393
822	0.000160349
823	0.000159873
824	0.000159214
825	0.000157688
826	0.00015693
827	0.000156637
828	0.000155206
829	0.000154464
830	0.000153027
831	0.000151979
832	0.000150714
833	0.000150612
834	0.000149097
835	0.000148523
836	0.000147837
837	0.000147172
838	0.000145694
839	0.000145677
840	0.000145302
841	0.000144397
842	0.000142824
843	0.000142515
844	0.000141909
845	0.000141459
846	0.000140081
847	0.000140014
848	0.000138066
849	0.000241578
850	0.000186527
851	0.0001605
852	0.000149759
853	0.000144038
854	0.000139091
855	0.0001367
856	0.000133372
857	0.00013226
858	0.000130436
859	0.000129796
860	0.000128126
861	0.000127541
862	0.000126088
863	0.000126028
864	0.000125441
865	0.000125019
866	0.000124357
867	0.000123712
868	0.000122296
869	0.00012195
870	0.0001212
871	0.000120733
872	0.000119621
873	0.000119533
874	0.000118706
875	0.000118233
876	0.000117301
877	0.000116851
878	0.000115526
879	0.000115342
880	0.000114304
881	0.000114235
882	0.000113764
883	0.000113506
884	0.000112795
885	0.000112386
886	0.0001113
887	0.000110624
888	0.000135879
889	0.000145328
890	0.000142495
891	0.000136133
892	0.000128848
893	0.000124432
894	0.00012014
895	0.000116623
896	0.000113798
897	0.000111606
898	0.000109126
899	0.000107774
900	0.000106343
901	0.000104465
902	0.000103223
903	0.000102246
904	0.000100953
905	0.000100373
906	9.92448e-05
907	9.9809e-05
908	9.74302e-05
909	9.80692e-05
910	9.47835e-05
911	9.42755e-05
912	9.26359e-05
913	9.18991e-05
914	9.10307e-05
915	9.10041e-05
916	8.94997e-05
917	8.93845e-05
918	8.83551e-05
919	8.85438e-05
920	8.74465e-05
921	9.0472e-05
922	9.01029e-05
923	8.88319e-05
924	8.69355e-05
925	8.59551e-05
926	8.51551e-05
927	8.49607e-05
928	8.35004e-05
929	8.32987e-05
930	8.256e-05
931	8.19996e-05
932	8.13914e-05
933	8.09928e-05
934	8.04821e-05
935	7.9984e-05
936	7.94407e-05
937	7.89832e-05
938	7.84382e-05
939	7.81005e-05
940	7.76594e-05
941	7.71422e-05
942	7.66256e-05
943	7.59875e-05
944	7.5206e-05
945	7.50271e-05
946	7.45013e-05
947	7.4625e-05
948	7.41485e-05
949	7.37052e-05
950	7.32998e-05
951	7.33731e-05
952	7.25838e-05
953	7.23319e-05
954	7.16481e-05
955	7.12608e-05
956	7.07773e-05
957	7.06289e-05
958	7.00869e-05
959	6.97979e-05
960	6.92101e-05
961	0.000192831
962	0.000131476
963	9.78952e-05
964	8.36793e-05
965	7.75984e-05
966	7.19961e-05
967	6.94192e-05
968	6.74822e-05
969	6.69736e-05
970	6.58214e-05
971	6.51213e-05
972	6.46261e-05
973	6.37668e-05
974	6.33918e-05
975	6.33129e-05
976	6.34756e-05
977	6.28362e-05
978	6.36887e-05
979	6.23715e-05
980	6.2423e-05
981	6.18279e-05
982	6.11181e-05
983	6.11975e-05
984	6.06817e-05
985	6.04791e-05
986	6.03688e-05
987	6.03792e-05
988	6.00133e-05
989	5.93491e-05
990	5.89398e-05
991	5.86741e-05
992	5.84465e-05
993	5.82097e-05
994	5.7882e-05
995	5.79905e-05
996	5.7349e-05
997	5.73095e-05
998	5.67938e-05
999	5.68228e-05
1000	5.66546e-05
