1	0.000681169
2	1.07052e-05
3	1.5766e-05
4	2.7373e-05
5	4.99528e-05
6	0.000152124
7	0.000236107
8	0.000132774
9	0.000272677
10	0.000102669
11	0.000313581
12	0.000205334
13	0.000185693
14	0.000123277
15	0.0001298
16	0.000121304
17	8.28649e-05
18	7.91662e-05
19	4.89746e-05
20	6.80781e-05
21	5.8929e-05
22	4.27604e-05
23	3.5067e-05
24	3.05515e-05
25	2.90513e-05
26	2.71248e-05
27	2.37577e-05
28	1.78463e-05
29	1.17171e-05
30	1.07672e-05
31	7.3719e-06
32	6.80101e-06
33	6.03529e-06
34	6.68803e-06
35	4.72366e-06
36	4.89787e-06
37	4.7791e-06
38	4.52307e-06
39	3.91206e-06
40	3.77012e-06
41	3.53407e-06
42	3.27172e-06
43	3.0811e-06
44	2.99012e-06
45	2.89138e-06
46	2.90193e-06
47	2.92238e-06
48	2.93207e-06
49	2.9547e-06
50	2.92377e-06
51	2.84849e-06
52	2.83096e-06
53	2.724e-06
54	2.66635e-06
55	2.64514e-06
56	2.5236e-06
57	2.43506e-06
58	2.42055e-06
59	2.35731e-06
60	2.28176e-06
61	2.22421e-06
62	2.12943e-06
63	2.04592e-06
64	2.01815e-06
65	1.99758e-06
66	1.95152e-06
67	1.96236e-06
68	1.98761e-06
69	1.96173e-06
70	1.94744e-06
71	1.91275e-06
72	1.85958e-06
73	1.84936e-06
74	1.82373e-06
75	1.80425e-06
76	1.79394e-06
77	1.7633e-06
78	1.70274e-06
79	1.68103e-06
80	1.65192e-06
81	1.63555e-06
82	1.60643e-06
83	1.58897e-06
84	1.56776e-06
85	1.57798e-06
86	1.5855e-06
87	1.58027e-06
88	1.56137e-06
89	1.54334e-06
90	1.50586e-06
91	1.47124e-06
92	1.43775e-06
93	1.40371e-06
94	1.38118e-06
95	1.35181e-06
96	1.33009e-06
97	1.31583e-06
98	1.29685e-06
99	1.29636e-06
100	1.29752e-06
101	1.30401e-06
102	1.32563e-06
103	1.35334e-06
104	1.37679e-06
105	1.39949e-06
106	1.41881e-06
107	1.42938e-06
108	1.44151e-06
109	1.45011e-06
110	1.46551e-06
111	1.4772e-06
112	1.48617e-06
113	1.49052e-06
114	1.49419e-06
115	1.49781e-06
116	1.50042e-06
117	1.4946e-06
118	1.49203e-06
119	1.4936e-06
120	1.49724e-06
121	1.50207e-06
122	1.50646e-06
123	1.51381e-06
124	1.52402e-06
125	1.54138e-06
126	1.56109e-06
127	1.57533e-06
128	1.58595e-06
129	1.59628e-06
130	1.60872e-06
131	1.6185e-06
132	1.62915e-06
133	1.64151e-06
134	1.64718e-06
135	1.65268e-06
136	1.65634e-06
137	1.65953e-06
138	1.66542e-06
139	1.68259e-06
140	1.704e-06
141	1.71841e-06
142	1.73902e-06
143	1.76003e-06
144	1.78418e-06
145	1.79814e-06
146	1.81751e-06
147	1.8277e-06
148	1.83138e-06
149	1.82911e-06
150	1.83471e-06
151	1.8377e-06
152	1.84451e-06
153	1.8474e-06
154	1.84265e-06
155	1.84162e-06
156	1.83741e-06
157	1.84237e-06
158	1.84498e-06
159	1.84548e-06
160	1.83579e-06
161	1.83404e-06
162	1.82718e-06
163	1.81994e-06
164	1.82216e-06
165	1.82797e-06
166	1.83012e-06
167	1.83198e-06
168	1.84373e-06
169	1.84934e-06
170	1.86301e-06
171	1.87103e-06
172	1.88221e-06
173	1.89505e-06
174	1.90159e-06
175	1.90629e-06
176	1.91237e-06
177	1.91734e-06
178	1.92886e-06
179	1.92555e-06
180	1.93274e-06
181	1.93121e-06
182	1.92717e-06
183	1.92992e-06
184	1.93177e-06
185	1.92875e-06
186	1.92492e-06
187	1.9243e-06
188	1.92618e-06
189	1.92494e-06
190	1.92158e-06
191	1.91901e-06
192	1.91792e-06
193	1.92435e-06
194	1.92811e-06
195	1.92783e-06
196	1.92507e-06
197	1.92718e-06
198	1.93253e-06
199	1.93875e-06
200	1.9384e-06
201	1.94135e-06
202	1.93605e-06
203	1.93132e-06
204	1.92872e-06
205	1.92394e-06
206	1.91767e-06
207	1.90508e-06
208	1.89677e-06
209	1.88324e-06
210	1.87461e-06
211	1.86279e-06
212	1.86459e-06
213	1.86123e-06
214	1.85168e-06
215	1.84435e-06
216	1.83327e-06
217	1.82554e-06
218	1.81648e-06
219	1.81232e-06
220	1.80083e-06
221	1.78915e-06
222	1.78153e-06
223	1.77342e-06
224	1.76402e-06
225	1.75249e-06
226	1.74394e-06
227	1.73399e-06
228	1.72321e-06
229	1.71462e-06
230	1.70526e-06
231	1.6995e-06
232	1.68855e-06
233	1.68133e-06
234	1.67017e-06
235	1.66359e-06
236	1.65605e-06
237	1.64803e-06
238	1.64297e-06
239	1.63466e-06
240	1.62583e-06
241	1.61598e-06
242	1.60974e-06
243	1.60299e-06
244	1.59402e-06
245	1.59406e-06
246	1.59169e-06
247	1.58869e-06
248	1.59078e-06
249	1.59262e-06
250	1.59098e-06
251	1.59965e-06
252	1.6063e-06
253	1.61278e-06
254	1.62272e-06
255	1.62628e-06
256	1.63668e-06
257	1.64539e-06
258	1.65904e-06
259	1.66837e-06
260	1.67869e-06
261	1.68803e-06
262	1.70594e-06
263	1.71608e-06
264	1.73108e-06
265	1.73951e-06
266	1.74998e-06
267	1.76464e-06
268	1.77943e-06
269	1.78427e-06
270	1.80037e-06
271	1.80566e-06
272	1.81906e-06
273	1.83019e-06
274	1.83817e-06
275	3.48159e-06
276	3.49843e-06
277	3.50669e-06
278	3.52393e-06
279	3.52785e-06
280	3.53459e-06
281	3.55183e-06
282	3.56344e-06
283	3.55688e-06
284	3.57239e-06
285	3.57593e-06
286	3.59326e-06
287	3.5915e-06
288	3.61474e-06
289	3.63412e-06
290	3.65194e-06
291	3.67657e-06
292	3.70298e-06
293	3.74196e-06
294	3.76732e-06
295	3.80213e-06
296	3.82661e-06
297	3.87068e-06
298	3.90295e-06
299	3.90017e-06
300	3.87289e-06
301	3.81571e-06
302	3.72676e-06
303	3.63644e-06
304	3.5299e-06
305	3.45524e-06
306	3.38282e-06
307	3.31245e-06
308	3.24547e-06
309	3.1773e-06
310	3.118e-06
311	3.05955e-06
312	3.01029e-06
313	2.95614e-06
314	2.90996e-06
315	2.85289e-06
316	2.80922e-06
317	2.78286e-06
318	2.74107e-06
319	2.70293e-06
320	2.67084e-06
321	2.62451e-06
322	2.59097e-06
323	2.55655e-06
324	2.52204e-06
325	2.48387e-06
326	2.45554e-06
327	2.41652e-06
328	2.38176e-06
329	2.35507e-06
330	2.32027e-06
331	2.28557e-06
332	2.25036e-06
333	1.15317e-06
334	2.17049e-06
335	2.14534e-06
336	2.10332e-06
337	2.07037e-06
338	2.03321e-06
339	1.99119e-06
340	1.96e-06
341	1.92432e-06
342	1.88753e-06
343	1.85884e-06
344	1.82551e-06
345	1.79689e-06
346	1.76717e-06
347	1.74899e-06
348	1.72419e-06
349	1.70208e-06
350	1.68585e-06
351	1.6743e-06
352	1.65829e-06
353	1.64815e-06
354	1.63361e-06
355	1.62067e-06
356	1.60189e-06
357	9.30227e-07
358	9.19889e-07
359	9.20209e-07
360	9.12056e-07
361	9.13182e-07
362	9.04935e-07
363	9.03174e-07
364	8.95503e-07
365	8.92401e-07
366	8.8266e-07
367	8.79231e-07
368	8.71263e-07
369	8.69296e-07
370	8.57553e-07
371	8.55733e-07
372	8.45451e-07
373	8.40821e-07
374	8.33178e-07
375	8.29543e-07
376	8.20007e-07
377	8.16539e-07
378	8.11279e-07
379	8.03134e-07
380	7.94751e-07
381	7.90304e-07
382	7.79368e-07
383	7.7382e-07
384	7.65396e-07
385	7.59829e-07
386	7.49063e-07
387	7.4502e-07
388	7.3621e-07
389	7.29881e-07
390	7.20804e-07
391	7.15046e-07
392	7.03586e-07
393	6.99214e-07
394	6.87525e-07
395	6.84775e-07
396	6.72642e-07
397	6.70509e-07
398	6.5666e-07
399	6.53023e-07
400	6.41585e-07
401	6.37127e-07
402	6.26867e-07
403	6.2012e-07
404	9.92402e-07
405	9.92488e-07
406	9.64802e-07
407	9.62192e-07
408	9.38761e-07
409	9.30988e-07
410	9.16825e-07
411	9.0562e-07
412	8.86638e-07
413	8.83883e-07
414	8.65207e-07
415	8.51038e-07
416	8.35119e-07
417	8.26426e-07
418	8.08168e-07
419	7.99981e-07
420	7.82396e-07
421	7.73572e-07
422	7.57217e-07
423	7.48277e-07
424	7.3283e-07
425	7.24096e-07
426	7.05923e-07
427	7.00638e-07
428	6.83327e-07
429	6.79173e-07
430	6.59593e-07
431	6.56786e-07
432	6.41271e-07
433	6.35461e-07
434	6.2061e-07
435	6.17529e-07
436	5.99779e-07
437	6.05579e-07
438	5.81477e-07
439	5.83534e-07
440	5.6914e-07
441	5.68415e-07
442	5.5237e-07
443	5.53746e-07
444	5.41301e-07
445	5.41429e-07
446	5.28367e-07
447	5.30454e-07
448	5.18547e-07
449	5.22555e-07
450	5.09971e-07
451	5.14385e-07
452	5.02508e-07
453	5.08129e-07
454	9.94116e-07
455	5.07621e-07
456	9.65045e-07
457	5.10964e-07
458	9.46378e-07
459	5.06816e-07
460	9.3458e-07
461	9.87755e-07
462	9.39037e-07
463	9.58989e-07
464	9.38742e-07
465	9.42213e-07
466	9.27175e-07
467	9.31824e-07
468	9.14438e-07
469	9.16835e-07
470	9.02161e-07
471	9.0229e-07
472	8.90132e-07
473	8.90131e-07
474	8.75916e-07
475	8.74559e-07
476	8.63882e-07
477	8.58588e-07
478	8.47107e-07
479	8.39939e-07
480	8.32647e-07
481	8.22399e-07
482	7.47112e-07
483	8.47106e-07
484	7.66307e-07
485	8.06181e-07
486	7.74062e-07
487	7.64007e-07
488	7.63408e-07
489	7.43697e-07
490	7.42878e-07
491	7.29362e-07
492	7.21169e-07
493	7.11625e-07
494	7.03542e-07
495	6.9587e-07
496	6.87982e-07
497	6.78126e-07
498	6.71667e-07
499	6.60788e-07
500	6.55015e-07
501	6.45809e-07
502	6.42012e-07
503	6.33465e-07
504	6.27051e-07
505	6.23354e-07
506	6.15166e-07
507	6.09635e-07
508	6.04884e-07
509	6.00821e-07
510	5.96735e-07
511	5.94206e-07
512	5.87739e-07
513	5.86944e-07
514	5.81612e-07
515	5.83948e-07
516	5.77318e-07
517	5.79799e-07
518	5.73705e-07
519	5.76195e-07
520	5.70782e-07
521	5.72382e-07
522	5.69192e-07
523	5.71822e-07
524	5.68092e-07
525	5.71833e-07
526	5.66904e-07
527	5.72041e-07
528	5.68288e-07
529	5.70981e-07
530	5.69745e-07
531	5.72564e-07
532	5.72251e-07
533	5.75291e-07
534	5.72567e-07
535	5.77604e-07
536	5.75021e-07
537	5.80524e-07
538	5.79302e-07
539	5.8272e-07
540	5.81006e-07
541	5.86666e-07
542	5.83705e-07
543	5.88791e-07
544	5.86378e-07
545	5.89483e-07
546	5.87717e-07
547	5.95119e-07
548	5.90238e-07
549	5.96455e-07
550	5.9183e-07
551	5.96491e-07
552	5.93074e-07
553	5.97202e-07
554	5.93057e-07
555	5.96996e-07
556	5.94121e-07
557	5.98818e-07
558	5.92616e-07
559	5.98989e-07
560	5.93144e-07
561	5.98874e-07
562	5.93773e-07
563	5.9749e-07
564	5.92675e-07
565	5.98061e-07
566	5.92112e-07
567	5.96454e-07
568	5.90294e-07
569	5.95038e-07
570	5.89794e-07
571	5.94694e-07
572	5.89006e-07
573	5.93829e-07
574	5.87332e-07
575	5.92685e-07
576	5.86721e-07
577	5.89941e-07
578	5.85035e-07
579	5.89407e-07
580	5.82748e-07
581	5.88152e-07
582	5.82645e-07
583	5.86559e-07
584	5.79647e-07
585	5.84077e-07
586	5.78451e-07
587	5.81726e-07
588	5.75025e-07
589	5.79832e-07
590	5.71846e-07
591	5.75797e-07
592	5.69612e-07
593	5.7386e-07
594	5.66662e-07
595	5.71156e-07
596	5.64681e-07
597	5.68281e-07
598	5.62743e-07
599	5.65067e-07
600	5.60237e-07
601	5.62204e-07
602	5.56184e-07
603	5.60369e-07
604	5.54234e-07
605	5.56609e-07
606	5.50884e-07
607	5.54189e-07
608	5.4758e-07
609	5.51185e-07
610	5.45244e-07
611	5.47717e-07
612	5.4197e-07
613	5.44562e-07
614	5.38775e-07
615	5.42406e-07
616	5.36323e-07
617	5.38733e-07
618	5.32804e-07
619	7.45017e-07
620	7.27941e-07
621	8.51789e-07
622	5.80423e-07
623	9.8108e-07
624	5.40214e-07
625	9.90409e-07
626	5.41564e-07
627	9.82651e-07
628	5.38723e-07
629	9.77175e-07
630	5.38061e-07
631	9.68347e-07
632	5.36235e-07
633	9.65831e-07
634	5.32363e-07
635	9.59994e-07
636	5.28996e-07
637	9.55433e-07
638	5.26615e-07
639	9.50795e-07
640	5.24047e-07
641	9.45544e-07
642	5.21567e-07
643	9.41597e-07
644	5.19547e-07
645	9.35463e-07
646	9.98578e-07
647	9.50377e-07
648	9.68002e-07
649	9.6166e-07
650	9.57933e-07
651	9.57375e-07
652	9.5403e-07
653	9.5043e-07
654	9.50835e-07
655	9.45132e-07
656	9.49435e-07
657	9.41169e-07
658	9.42822e-07
659	9.37564e-07
660	5.2951e-07
661	8.43675e-07
662	9.98274e-07
663	8.94525e-07
664	9.37134e-07
665	9.20934e-07
666	9.22308e-07
667	9.16039e-07
668	9.20283e-07
669	9.09114e-07
670	9.18706e-07
671	9.03317e-07
672	9.15051e-07
673	8.97448e-07
674	9.08311e-07
675	8.90959e-07
676	9.02895e-07
677	8.88107e-07
678	8.98762e-07
679	8.81401e-07
680	8.94404e-07
681	8.75104e-07
682	8.86447e-07
683	8.69637e-07
684	8.82319e-07
685	8.62522e-07
686	8.76098e-07
687	8.55196e-07
688	8.69865e-07
689	8.48587e-07
690	8.63959e-07
691	8.42069e-07
692	8.56606e-07
693	8.37677e-07
694	8.50854e-07
695	8.32997e-07
696	8.46443e-07
697	8.25709e-07
698	8.43083e-07
699	8.20902e-07
700	8.34627e-07
701	8.15729e-07
702	8.28237e-07
703	8.07846e-07
704	8.24738e-07
705	8.01572e-07
706	8.17775e-07
707	7.95637e-07
708	8.12929e-07
709	7.89712e-07
710	8.07824e-07
711	7.85763e-07
712	8.00654e-07
713	7.78232e-07
714	7.94007e-07
715	7.72912e-07
716	7.89396e-07
717	7.67053e-07
718	7.83749e-07
719	7.60038e-07
720	7.76211e-07
721	7.52146e-07
722	7.69749e-07
723	7.46581e-07
724	7.6232e-07
725	7.38624e-07
726	7.56981e-07
727	7.31822e-07
728	7.49833e-07
729	7.27254e-07
730	7.44803e-07
731	7.19787e-07
732	7.38258e-07
733	7.14357e-07
734	7.30795e-07
735	7.06739e-07
736	6.23483e-07
737	5.67769e-07
738	5.68921e-07
739	7.61372e-07
740	7.01372e-07
741	6.75665e-07
742	7.14632e-07
743	6.7754e-07
744	6.98396e-07
745	6.7169e-07
746	6.92323e-07
747	6.65291e-07
748	6.83357e-07
749	6.61922e-07
750	6.76746e-07
751	6.5404e-07
752	6.73047e-07
753	6.46472e-07
754	6.66718e-07
755	6.41099e-07
756	6.60036e-07
757	6.36564e-07
758	6.55954e-07
759	6.29088e-07
760	6.62902e-07
761	6.06272e-07
762	6.6678e-07
763	5.96561e-07
764	6.59321e-07
765	6.09831e-07
766	6.30282e-07
767	6.13777e-07
768	6.22464e-07
769	6.0352e-07
770	6.20441e-07
771	5.97891e-07
772	6.12134e-07
773	5.91522e-07
774	6.08893e-07
775	5.85439e-07
776	6.01095e-07
777	5.79138e-07
778	5.95095e-07
779	5.73733e-07
780	5.88528e-07
781	5.67117e-07
782	5.85068e-07
783	5.60721e-07
784	5.76489e-07
785	5.55786e-07
786	5.7027e-07
787	5.4889e-07
788	5.64002e-07
789	6.16752e-07
790	9.95205e-07
791	7.15905e-07
792	4.87332e-07
793	5.58265e-07
794	5.48305e-07
795	5.141e-07
796	5.44704e-07
797	5.14725e-07
798	5.3116e-07
799	5.11293e-07
800	5.24739e-07
801	5.03536e-07
802	5.18305e-07
803	4.98654e-07
804	5.12197e-07
805	4.93486e-07
806	5.06128e-07
807	9.96471e-07
808	5.06227e-07
809	9.72409e-07
810	5.02158e-07
811	9.59288e-07
812	5.22659e-07
813	9.01162e-07
814	5.2712e-07
815	8.94247e-07
816	5.1728e-07
817	8.88627e-07
818	5.13193e-07
819	8.78789e-07
820	5.06948e-07
821	8.69137e-07
822	5.01101e-07
823	8.60606e-07
824	4.98587e-07
825	8.49947e-07
826	9.87455e-07
827	9.03767e-07
828	9.1823e-07
829	9.18844e-07
830	9.08952e-07
831	8.99234e-07
832	9.07101e-07
833	8.86945e-07
834	8.92735e-07
835	8.8081e-07
836	8.84139e-07
837	8.68296e-07
838	8.73807e-07
839	8.5984e-07
840	8.64679e-07
841	8.49997e-07
842	8.546e-07
843	8.42122e-07
844	8.45054e-07
845	8.22409e-07
846	8.40615e-07
847	8.16578e-07
848	8.19956e-07
849	5.65884e-07
850	7.08971e-07
851	7.04741e-07
852	7.89614e-07
853	8.55609e-07
854	7.50845e-07
855	7.81234e-07
856	7.92821e-07
857	7.67509e-07
858	7.66063e-07
859	7.62665e-07
860	7.59345e-07
861	7.50627e-07
862	7.52594e-07
863	7.47599e-07
864	7.42826e-07
865	7.36225e-07
866	7.35176e-07
867	7.29866e-07
868	7.27023e-07
869	7.20873e-07
870	7.18054e-07
871	7.13773e-07
872	7.11976e-07
873	7.06092e-07
874	7.04991e-07
875	6.99424e-07
876	6.9632e-07
877	6.91302e-07
878	6.90098e-07
879	6.8498e-07
880	6.83826e-07
881	6.7882e-07
882	6.75013e-07
883	6.73007e-07
884	6.68726e-07
885	6.63863e-07
886	6.62949e-07
887	6.58633e-07
888	6.51901e-07
889	6.29453e-07
890	6.13125e-07
891	6.0762e-07
892	5.95946e-07
893	5.91379e-07
894	5.79981e-07
895	5.79113e-07
896	5.69756e-07
897	5.68101e-07
898	5.5832e-07
899	5.59592e-07
900	5.4613e-07
901	5.48696e-07
902	5.37665e-07
903	5.3842e-07
904	5.27686e-07
905	6.70107e-07
906	9.84478e-07
907	8.13725e-07
908	9.95258e-07
909	7.75858e-07
910	8.50321e-07
911	5.37797e-07
912	9.41127e-07
913	5.51894e-07
914	8.60618e-07
915	5.55316e-07
916	8.5247e-07
917	5.4303e-07
918	8.44384e-07
919	5.37077e-07
920	8.32603e-07
921	5.25989e-07
922	8.25242e-07
923	5.22666e-07
924	8.06218e-07
925	5.17002e-07
926	7.97648e-07
927	9.86324e-07
928	8.93169e-07
929	8.90622e-07
930	8.99444e-07
931	9.02887e-07
932	8.70037e-07
933	8.93463e-07
934	8.66653e-07
935	8.77907e-07
936	8.53481e-07
937	8.70621e-07
938	8.44487e-07
939	8.60207e-07
940	8.34656e-07
941	8.51341e-07
942	8.25798e-07
943	8.41611e-07
944	8.1454e-07
945	8.30495e-07
946	8.06265e-07
947	8.22653e-07
948	7.9609e-07
949	8.14432e-07
950	7.90387e-07
951	8.0588e-07
952	7.81881e-07
953	8.00315e-07
954	7.72224e-07
955	7.88421e-07
956	7.67627e-07
957	7.8458e-07
958	7.55632e-07
959	7.76202e-07
960	7.51065e-07
961	9.0799e-07
962	8.12551e-07
963	8.33915e-07
964	7.0705e-07
965	8.26543e-07
966	7.29321e-07
967	7.15139e-07
968	6.95942e-07
969	7.11753e-07
970	6.8325e-07
971	6.99341e-07
972	6.81053e-07
973	6.97773e-07
974	6.69075e-07
975	6.88226e-07
976	6.50848e-07
977	7.00684e-07
978	6.50953e-07
979	6.83259e-07
980	6.51148e-07
981	6.67442e-07
982	6.56722e-07
983	6.6656e-07
984	6.39924e-07
985	6.66512e-07
986	6.41523e-07
987	6.56573e-07
988	6.34504e-07
989	6.54535e-07
990	6.3014e-07
991	6.49046e-07
992	6.25086e-07
993	6.45593e-07
994	6.20616e-07
995	6.39173e-07
996	6.17697e-07
997	6.35283e-07
998	6.10829e-07
999	6.31984e-07
1000	6.0903e-07
