1	-1.48706e-06
2	-1.0336e-07
3	1.51576e-07
4	3.3869e-07
5	2.9172e-07
6	-6.02841e-08
7	-7.68521e-08
8	-1.43452e-07
9	3.52451e-09
10	1.3889e-08
11	1.19469e-07
12	-1.61227e-07
13	2.36708e-08
14	-6.90158e-08
15	1.09095e-07
16	-1.13111e-08
17	2.18574e-08
18	-7.23367e-08
19	3.64657e-09
20	7.20834e-09
21	4.8376e-08
22	-1.25621e-09
23	-7.57582e-09
24	-3.01386e-08
25	-1.15629e-08
26	1.49498e-09
27	1.65355e-08
28	6.23642e-09
29	-4.18426e-10
30	-8.53018e-09
31	1.4784e-09
32	-5.7207e-10
33	5.30235e-09
34	-2.35473e-09
35	2.26859e-09
36	-9.46634e-10
37	1.37213e-09
38	-2.16606e-09
39	-5.70339e-10
40	-4.10086e-10
41	-9.90945e-10
42	8.57224e-10
43	-9.07081e-10
44	1.28966e-09
45	-4.63665e-10
46	-2.31884e-09
47	-1.24728e-09
48	3.16506e-10
49	-4.70826e-11
50	3.20263e-11
51	-1.29489e-11
52	-6.93047e-10
53	-2.61198e-10
54	-3.58571e-10
55	2.38261e-10
56	6.00226e-10
57	4.97575e-10
58	7.09818e-11
59	-5.04077e-10
60	-6.31776e-10
61	-3.27599e-10
62	5.4044e-11
63	3.1832e-10
64	-2.21136e-10
65	-4.16957e-10
66	-2.80047e-10
67	-6.50518e-11
68	4.39426e-12
69	-3.0863e-11
70	-1.35198e-10
71	-1.69426e-10
72	-1.32794e-10
73	-6.41241e-11
74	-8.6799e-12
75	-4.13318e-12
76	-4.04564e-11
77	-8.43777e-11
78	-8.92684e-11
79	-5.63116e-11
80	-2.02506e-11
81	7.55407e-12
82	6.39675e-12
83	-5.85645e-12
84	-1.42534e-11
85	-1.26503e-11
86	-4.7627e-12
87	4.79899e-12
88	1.51939e-11
89	1.90608e-11
90	2.1037e-11
91	2.27521e-11
92	2.59773e-11
93	2.83817e-11
94	3.02061e-11
95	3.17188e-11
96	3.16512e-11
97	3.05685e-11
98	3.02942e-11
99	3.02218e-11
100	3.01801e-11
101	2.89437e-11
102	2.68728e-11
103	9.76951e-11
104	9.69855e-11
105	9.67209e-11
106	9.43057e-11
107	9.35768e-11
108	9.1717e-11
109	9.01173e-11
110	8.81753e-11
111	8.65839e-11
112	8.47006e-11
113	8.40661e-11
114	8.308e-11
115	8.26575e-11
116	8.20272e-11
117	8.15234e-11
118	8.09227e-11
119	1.96052e-11
120	1.98779e-11
121	2.08376e-11
122	2.2352e-11
123	2.40884e-11
124	2.58092e-11
125	2.74835e-11
126	2.89974e-11
127	3.03934e-11
128	3.15358e-11
129	3.30696e-11
130	3.4693e-11
131	3.61259e-11
132	3.73324e-11
133	3.87134e-11
134	4.01911e-11
135	4.19135e-11
136	4.33908e-11
137	4.41998e-11
138	4.49983e-11
139	4.60784e-11
140	4.76537e-11
141	4.82023e-11
142	4.86599e-11
143	4.75187e-11
144	4.7568e-11
145	4.74653e-11
146	4.77296e-11
147	4.68286e-11
148	4.69748e-11
149	4.72716e-11
150	4.67404e-11
151	4.64492e-11
152	4.55617e-11
153	4.32506e-11
154	4.06777e-11
155	3.9929e-11
156	3.62411e-11
157	3.29713e-11
158	3.00489e-11
159	2.77998e-11
160	2.61595e-11
161	2.42752e-11
162	2.2111e-11
163	2.10916e-11
164	1.9436e-11
165	1.87169e-11
166	1.82503e-11
167	1.65737e-11
168	1.47859e-11
169	1.37174e-11
170	1.14346e-11
171	1.00848e-11
172	7.1204e-12
173	4.83824e-12
174	2.81781e-12
175	1.42388e-12
176	-9.37773e-13
177	-2.12662e-12
178	-4.65714e-12
179	-6.35485e-12
180	-8.69528e-12
181	-1.10241e-11
182	-1.22818e-11
183	-1.3079e-11
184	-1.35068e-11
185	-1.65556e-11
186	-1.88982e-11
187	-1.91372e-11
188	-2.06807e-11
189	-2.28904e-11
190	-2.4313e-11
191	-2.62427e-11
192	-2.75318e-11
193	-2.9084e-11
194	-3.10622e-11
195	-3.1261e-11
196	-3.22003e-11
197	-3.34275e-11
198	-3.2878e-11
199	-3.31484e-11
200	-3.38211e-11
201	-3.3684e-11
202	-3.36744e-11
203	-3.30023e-11
204	-3.26445e-11
205	-3.22543e-11
206	-3.14099e-11
207	-3.13073e-11
208	-3.07217e-11
209	-2.99911e-11
210	-2.94026e-11
211	-2.9171e-11
212	-2.89608e-11
213	-2.86724e-11
214	-2.88458e-11
215	-2.89184e-11
216	-2.87562e-11
217	-2.83177e-11
218	-2.79547e-11
219	-2.74955e-11
220	-2.73885e-11
221	-2.69978e-11
222	-2.62411e-11
223	-2.49474e-11
224	-2.34495e-11
225	-2.20728e-11
226	-2.12362e-11
227	-2.03816e-11
228	-1.95262e-11
229	-1.86312e-11
230	-1.7959e-11
231	-1.71613e-11
232	-1.62441e-11
233	-1.52257e-11
234	-1.42143e-11
235	-1.30892e-11
236	-1.18328e-11
237	-1.05624e-11
238	-9.34633e-12
239	-7.82417e-12
240	-6.23126e-12
241	-4.63465e-12
242	-3.07581e-12
243	-1.43039e-12
244	5.31687e-13
245	2.44677e-12
246	4.66993e-12
247	6.90788e-12
248	8.92672e-12
249	1.09769e-11
250	1.32421e-11
251	1.56009e-11
252	1.80526e-11
253	2.04639e-11
254	2.29671e-11
255	2.55352e-11
256	2.78271e-11
257	3.03456e-11
258	3.29416e-11
259	3.55137e-11
260	3.81986e-11
261	4.08844e-11
262	4.36665e-11
263	4.65261e-11
264	4.94026e-11
265	5.18728e-11
266	5.45407e-11
267	5.7367e-11
268	5.99956e-11
269	6.2638e-11
270	6.5121e-11
271	6.74025e-11
272	6.9534e-11
273	7.13762e-11
274	7.3281e-11
275	7.49676e-11
276	7.66658e-11
277	7.8234e-11
278	7.97525e-11
279	8.12527e-11
280	8.28301e-11
281	8.43833e-11
282	8.59064e-11
283	9.14539e-11
284	9.32924e-11
285	9.52343e-11
286	9.71214e-11
287	9.9e-11
288	1.00709e-10
289	1.02402e-10
290	1.04183e-10
291	1.05907e-10
292	1.07501e-10
293	1.08961e-10
294	1.10424e-10
295	1.11963e-10
296	1.13527e-10
297	1.14925e-10
298	1.16265e-10
299	1.17595e-10
300	1.18907e-10
301	1.20244e-10
302	1.21534e-10
303	1.22625e-10
304	1.23633e-10
305	1.24588e-10
306	1.2544e-10
307	1.26193e-10
308	1.26913e-10
309	1.2754e-10
310	1.28188e-10
311	1.28712e-10
312	1.29309e-10
313	1.29787e-10
314	1.30306e-10
315	1.30615e-10
316	1.30831e-10
317	1.30962e-10
318	1.15833e-10
319	1.15657e-10
320	1.15417e-10
321	1.15193e-10
322	1.14794e-10
323	1.14334e-10
324	1.13821e-10
325	1.13275e-10
326	1.12598e-10
327	1.11832e-10
328	1.11046e-10
329	1.10101e-10
330	1.09047e-10
331	1.07917e-10
332	1.06736e-10
333	1.0555e-10
334	1.04334e-10
335	8.29238e-12
336	1.00673e-11
337	1.18264e-11
338	1.35184e-11
339	1.51965e-11
340	1.67624e-11
341	1.12992e-10
342	1.11778e-10
343	1.1057e-10
344	1.09497e-10
345	1.08544e-10
346	2.44158e-11
347	2.54328e-11
348	2.64497e-11
349	2.77113e-11
350	3.05011e-11
351	3.17619e-11
352	3.2999e-11
353	3.4157e-11
354	3.51709e-11
355	3.60468e-11
356	3.69632e-11
357	3.78252e-11
358	3.8717e-11
359	3.96149e-11
360	4.05749e-11
361	4.12431e-11
362	4.19949e-11
363	4.26743e-11
364	4.33913e-11
365	4.39682e-11
366	4.45384e-11
367	4.49723e-11
368	4.54246e-11
369	4.57819e-11
370	4.61888e-11
371	4.65748e-11
372	4.68825e-11
373	4.7052e-11
374	4.73769e-11
375	4.74547e-11
376	4.76071e-11
377	4.77012e-11
378	4.76894e-11
379	4.76907e-11
380	4.77533e-11
381	4.78852e-11
382	4.79827e-11
383	1.58279e-10
384	1.5618e-10
385	1.5332e-10
386	1.5086e-10
387	1.48275e-10
388	1.46048e-10
389	1.44296e-10
390	1.41857e-10
391	1.39424e-10
392	1.37357e-10
393	1.35527e-10
394	1.32885e-10
395	1.30713e-10
396	1.28866e-10
397	1.27145e-10
398	1.24895e-10
399	1.22651e-10
400	1.20792e-10
401	1.18607e-10
402	1.16519e-10
403	1.14847e-10
404	1.12811e-10
405	1.11408e-10
406	1.10049e-10
407	1.08226e-10
408	1.06371e-10
409	1.043e-10
410	1.02743e-10
411	1.0141e-10
412	9.97966e-11
413	9.85052e-11
414	9.7046e-11
415	9.57023e-11
416	9.41396e-11
417	1.13723e-10
418	1.11588e-10
419	1.09892e-10
420	1.08026e-10
421	1.0636e-10
422	1.04531e-10
423	1.0261e-10
424	1.00532e-10
425	9.89621e-11
426	9.70054e-11
427	9.57809e-11
428	9.43743e-11
429	9.28958e-11
430	9.16301e-11
431	9.00155e-11
432	8.85374e-11
433	8.72816e-11
434	8.5977e-11
435	8.49007e-11
436	8.38788e-11
437	8.24049e-11
438	8.13658e-11
439	8.0173e-11
440	7.86471e-11
441	7.74796e-11
442	1.81649e-10
443	1.78038e-10
444	1.7476e-10
445	1.70669e-10
446	1.66922e-10
447	1.63239e-10
448	1.59969e-10
449	1.5607e-10
450	1.52563e-10
451	1.48772e-10
452	1.45437e-10
453	1.41684e-10
454	1.3806e-10
455	1.33834e-10
456	1.30157e-10
457	1.25825e-10
458	1.21957e-10
459	1.17284e-10
460	1.12955e-10
461	1.08355e-10
462	1.04079e-10
463	9.95893e-11
464	9.51472e-11
465	8.98539e-11
466	8.52978e-11
467	8.05513e-11
468	7.64326e-11
469	7.18581e-11
470	6.78918e-11
471	6.35026e-11
472	5.94711e-11
473	5.56801e-11
474	5.20906e-11
475	4.83739e-11
476	4.52839e-11
477	4.17906e-11
478	3.8435e-11
479	3.52116e-11
480	5.65954e-11
481	4.76728e-11
482	2.55813e-11
483	1.25532e-11
484	1.37073e-11
485	2.02868e-11
486	2.24305e-11
487	1.67396e-11
488	9.14811e-12
489	4.52955e-12
490	4.2563e-12
491	4.46558e-12
492	2.63819e-12
493	-1.07292e-12
494	-4.49014e-12
495	-6.86089e-12
496	-8.13797e-12
497	-9.95072e-12
498	-1.21155e-11
499	-1.49636e-11
500	-1.72567e-11
501	-1.92823e-11
502	-2.07799e-11
503	-2.26519e-11
504	-2.45485e-11
505	-2.68255e-11
506	-2.86624e-11
507	-3.07073e-11
508	-3.24232e-11
509	-3.44228e-11
510	-3.62207e-11
511	-3.82712e-11
512	-3.98508e-11
513	-4.18088e-11
514	-4.35384e-11
515	-2.50778e-11
516	-2.83428e-11
517	-3.22858e-11
518	-3.46526e-11
519	-3.82651e-11
520	-4.12903e-11
521	-4.45152e-11
522	-4.84241e-11
523	-5.21493e-11
524	-5.55186e-11
525	-5.93869e-11
526	-6.19036e-11
527	-6.44162e-11
528	-6.74218e-11
529	-7.17671e-11
530	-7.58068e-11
531	-7.97979e-11
532	-8.2792e-11
533	-8.62566e-11
534	-8.93556e-11
535	-9.21855e-11
536	-9.43977e-11
537	-9.82894e-11
538	-1.02344e-10
539	-1.0576e-10
540	-1.07838e-10
541	-1.09859e-10
542	-1.11068e-10
543	-1.13354e-10
544	-1.15286e-10
545	-1.17733e-10
546	-1.19542e-10
547	-1.21571e-10
548	-1.22662e-10
549	-1.24445e-10
550	-1.25715e-10
551	-1.27747e-10
552	-1.29084e-10
553	-1.31225e-10
554	-1.32321e-10
555	-1.33693e-10
556	-1.34557e-10
557	-1.36294e-10
558	-1.37972e-10
559	-1.39963e-10
560	-1.40997e-10
561	-1.42592e-10
562	-1.43575e-10
563	-1.45162e-10
564	-1.45783e-10
565	-1.47263e-10
566	-1.48032e-10
567	-1.49085e-10
568	-1.49788e-10
569	-1.5133e-10
570	-1.5181e-10
571	-1.52942e-10
572	-1.53497e-10
573	-1.54692e-10
574	-1.55315e-10
575	-1.56033e-10
576	-1.56161e-10
577	-1.56527e-10
578	-1.56869e-10
579	-1.57819e-10
580	-1.58043e-10
581	-1.58655e-10
582	-1.58818e-10
583	-1.59466e-10
584	-1.59611e-10
585	-1.59588e-10
586	-1.59297e-10
587	-1.59656e-10
588	-1.59602e-10
589	-1.59752e-10
590	-1.59595e-10
591	-1.59692e-10
592	-1.59454e-10
593	-1.59473e-10
594	-1.59249e-10
595	-1.59259e-10
596	-1.589e-10
597	-1.59305e-10
598	-1.5881e-10
599	-1.58901e-10
600	-1.5871e-10
601	-1.58651e-10
602	-1.5851e-10
603	-1.58447e-10
604	-1.58598e-10
605	-1.58645e-10
606	-1.57862e-10
607	-1.57558e-10
608	-1.57414e-10
609	-1.57509e-10
610	-1.57282e-10
611	-1.57133e-10
612	-1.57024e-10
613	-1.57092e-10
614	-1.56589e-10
615	-1.56917e-10
616	-1.56419e-10
617	-1.56294e-10
618	-9.47144e-11
619	-1.07772e-10
620	-1.58203e-10
621	-1.87858e-10
622	-1.76592e-10
623	-1.48085e-10
624	-1.33095e-10
625	-1.4059e-10
626	-1.55388e-10
627	-1.62483e-10
628	-1.57507e-10
629	-1.49823e-10
630	-1.46823e-10
631	-1.49637e-10
632	-1.53284e-10
633	-1.5421e-10
634	-1.52063e-10
635	-1.50576e-10
636	-1.49932e-10
637	-1.50959e-10
638	-1.51127e-10
639	-1.51088e-10
640	-1.50205e-10
641	-1.49593e-10
642	-1.49108e-10
643	-1.49285e-10
644	-1.49159e-10
645	-1.48975e-10
646	-1.48102e-10
647	-1.48051e-10
648	-1.47827e-10
649	-1.47907e-10
650	-1.47429e-10
651	-1.47232e-10
652	-1.46318e-10
653	-1.46158e-10
654	-1.45826e-10
655	-1.45771e-10
656	-1.45576e-10
657	-1.45658e-10
658	-1.508e-10
659	-1.48838e-10
660	-1.43372e-10
661	-1.40563e-10
662	-1.4218e-10
663	-1.4489e-10
664	-1.44928e-10
665	-1.42703e-10
666	-1.40371e-10
667	-1.39582e-10
668	-1.40088e-10
669	-1.40992e-10
670	-1.40306e-10
671	-1.38968e-10
672	-1.38093e-10
673	-1.37546e-10
674	-1.37015e-10
675	-1.36459e-10
676	-1.3546e-10
677	-1.34926e-10
678	-1.3387e-10
679	-1.33419e-10
680	-1.3348e-10
681	-1.33345e-10
682	-1.32457e-10
683	-1.31727e-10
684	-1.31797e-10
685	-1.31281e-10
686	-1.30653e-10
687	-1.29618e-10
688	-1.28905e-10
689	-1.73089e-10
690	-1.30092e-10
691	-1.74132e-10
692	-1.73611e-10
693	-1.72631e-10
694	-1.72467e-10
695	-1.71354e-10
696	-1.7084e-10
697	-1.70569e-10
698	-1.70482e-10
699	-1.6956e-10
700	-1.69356e-10
701	-1.68504e-10
702	-1.68005e-10
703	-1.67011e-10
704	-1.66613e-10
705	-1.65808e-10
706	-1.65622e-10
707	-1.64931e-10
708	-1.64511e-10
709	-1.63751e-10
710	-1.63672e-10
711	-1.63071e-10
712	-1.62576e-10
713	-1.61602e-10
714	-1.6083e-10
715	-1.59958e-10
716	-1.59243e-10
717	-1.57703e-10
718	-1.57118e-10
719	-1.5617e-10
720	-1.55728e-10
721	-1.54141e-10
722	-1.53563e-10
723	-1.5261e-10
724	-1.52164e-10
725	-1.51163e-10
726	-1.50883e-10
727	-1.49953e-10
728	-1.49643e-10
729	-1.48334e-10
730	-1.47844e-10
731	-1.4679e-10
732	-1.46086e-10
733	-1.44773e-10
734	-1.4431e-10
735	-6.64269e-11
736	-8.36853e-11
737	-1.48137e-10
738	-1.79615e-10
739	-1.65037e-10
740	-1.30704e-10
741	-1.11315e-10
742	-1.20767e-10
743	-1.3934e-10
744	-1.46465e-10
745	-1.38952e-10
746	-1.2871e-10
747	-1.24108e-10
748	-1.27264e-10
749	-1.31631e-10
750	-1.32258e-10
751	-1.28781e-10
752	-1.2603e-10
753	-1.24295e-10
754	-1.25507e-10
755	-1.26092e-10
756	-1.25313e-10
757	-1.23242e-10
758	-1.2209e-10
759	-1.20741e-10
760	-1.20533e-10
761	-1.19544e-10
762	-1.19111e-10
763	-1.18568e-10
764	-1.18366e-10
765	-1.16966e-10
766	-1.16678e-10
767	-1.16198e-10
768	-1.15292e-10
769	-1.1397e-10
770	-1.13826e-10
771	-1.13197e-10
772	-1.12836e-10
773	-1.12124e-10
774	-1.11241e-10
775	-1.10197e-10
776	-1.10151e-10
777	-1.09189e-10
778	-1.08902e-10
779	-1.08041e-10
780	-1.07658e-10
781	-1.06516e-10
782	-1.06827e-10
783	-1.05565e-10
784	-1.04984e-10
785	-1.03922e-10
786	-1.0321e-10
787	-1.10849e-10
788	-1.08399e-10
789	-9.90771e-11
790	-9.4339e-11
791	-9.65657e-11
792	-1.01153e-10
793	-1.01695e-10
794	-9.92048e-11
795	-9.51754e-11
796	-9.37893e-11
797	-9.48782e-11
798	-9.56599e-11
799	-9.49307e-11
800	-9.36149e-11
801	-9.23115e-11
802	-9.16157e-11
803	-9.11249e-11
804	-9.11594e-11
805	-9.00318e-11
806	-8.93429e-11
807	-8.77103e-11
808	-8.72911e-11
809	-8.73591e-11
810	-8.70049e-11
811	-8.62334e-11
812	-8.59461e-11
813	-8.51687e-11
814	-8.47672e-11
815	-1.41323e-10
816	-8.49474e-11
817	-1.39617e-10
818	-1.39473e-10
819	-1.38959e-10
820	-1.3837e-10
821	-1.37575e-10
822	-1.36041e-10
823	-1.35025e-10
824	-1.35063e-10
825	-1.34131e-10
826	-1.33478e-10
827	-1.33466e-10
828	-1.32622e-10
829	-1.3221e-10
830	-1.31753e-10
831	-1.30928e-10
832	-1.29904e-10
833	-1.29795e-10
834	-1.29216e-10
835	-1.28379e-10
836	-1.27992e-10
837	-1.27148e-10
838	-1.25672e-10
839	-1.25266e-10
840	-1.24426e-10
841	-1.23894e-10
842	-1.23581e-10
843	-1.23031e-10
844	-1.22979e-10
845	-1.21883e-10
846	-1.21397e-10
847	-1.20907e-10
848	2.45431e-12
849	-2.95318e-11
850	-1.26238e-10
851	-1.10034e-10
852	-1.51776e-10
853	-1.07439e-10
854	-8.19577e-11
855	-9.5895e-11
856	-1.21627e-10
857	-1.30771e-10
858	-1.20594e-10
859	-1.05692e-10
860	-9.98905e-11
861	-1.05822e-10
862	-1.12348e-10
863	-1.13756e-10
864	-1.10084e-10
865	-1.05923e-10
866	-1.05635e-10
867	-1.07831e-10
868	-1.08984e-10
869	-1.08744e-10
870	-1.06266e-10
871	-1.05237e-10
872	-1.04054e-10
873	-1.04505e-10
874	-1.04656e-10
875	-1.03813e-10
876	-1.02766e-10
877	-1.0269e-10
878	-1.02188e-10
879	-1.02423e-10
880	-1.02063e-10
881	-1.01687e-10
882	-1.01179e-10
883	-1.01599e-10
884	-1.06929e-10
885	-1.0002e-10
886	-1.06822e-10
887	-9.64227e-11
888	-9.30773e-11
889	-9.28674e-11
890	-9.29099e-11
891	-9.33967e-11
892	-9.3602e-11
893	-1.01657e-10
894	-1.02295e-10
895	-1.03226e-10
896	-1.03253e-10
897	-1.03689e-10
898	-1.02151e-10
899	-1.01748e-10
900	-1.00122e-10
901	-9.85555e-11
902	-9.64477e-11
903	-1.15147e-10
904	-8.86156e-11
905	-9.47607e-11
906	-9.59713e-11
907	-9.20451e-11
908	-8.69071e-11
909	-8.64623e-11
910	-8.8224e-11
911	-9.03745e-11
912	-8.88103e-11
913	-8.65129e-11
914	-8.47525e-11
915	-8.40106e-11
916	-8.30796e-11
917	-8.42408e-11
918	-8.2525e-11
919	-8.08164e-11
920	-1.16537e-10
921	-1.16478e-10
922	-1.16194e-10
923	-1.16392e-10
924	-1.15041e-10
925	-1.13853e-10
926	-1.13047e-10
927	-1.13044e-10
928	-1.24586e-10
929	-1.13315e-10
930	-1.23469e-10
931	-1.21047e-10
932	-1.21575e-10
933	-1.1969e-10
934	-1.18862e-10
935	-1.1715e-10
936	-1.18022e-10
937	-1.15737e-10
938	-1.15498e-10
939	-1.1353e-10
940	-1.13233e-10
941	-1.11205e-10
942	-1.11865e-10
943	-1.11833e-10
944	-1.12141e-10
945	-1.10486e-10
946	-1.10545e-10
947	-1.08499e-10
948	-1.08932e-10
949	-1.08281e-10
950	-1.08118e-10
951	-1.07084e-10
952	-1.06911e-10
953	-1.07939e-10
954	-1.07175e-10
955	-1.0592e-10
956	-1.0631e-10
957	-1.04177e-10
958	-1.0541e-10
959	-1.0409e-10
960	7.35383e-11
961	3.91746e-11
962	-1.4275e-10
963	-1.21706e-10
964	-1.10072e-10
965	-7.80814e-11
966	-2.19029e-11
967	-3.50082e-11
968	-8.99778e-11
969	-1.25765e-10
970	-1.22069e-10
971	-9.73074e-11
972	-8.1894e-11
973	-8.65293e-11
974	-1.01258e-10
975	-1.08718e-10
976	-1.01988e-10
977	-8.87137e-11
978	-8.20406e-11
979	-8.12187e-11
980	-8.46858e-11
981	-8.64327e-11
982	-8.71579e-11
983	-8.48418e-11
984	-8.5872e-11
985	-8.711e-11
986	-8.92443e-11
987	-8.87414e-11
988	-8.90793e-11
989	-8.73777e-11
990	-8.67114e-11
991	-8.54955e-11
992	-8.50139e-11
993	-8.41793e-11
994	-8.50923e-11
995	-8.38527e-11
996	-8.44737e-11
997	-8.48555e-11
998	-8.48138e-11
999	-8.43251e-11
1000	-8.5367e-11
