1	0.0132246
2	0.00211275
3	0.00369376
4	0.00502767
5	0.00432303
6	0.00301641
7	0.00265566
8	0.00289903
9	0.00364757
10	0.00392886
11	0.00364585
12	0.00337338
13	0.00339826
14	0.00368674
15	0.00397245
16	0.00406846
17	0.00397999
18	0.00388891
19	0.00394294
20	0.00407692
21	0.00418056
22	0.0041906
23	0.00414647
24	0.00412042
25	0.00414416
26	0.00419883
27	0.00423583
28	0.00423272
29	0.00421049
30	0.00419422
31	0.00419556
32	0.00420185
33	0.00419925
34	0.00418306
35	0.00415914
36	0.00413573
37	0.00411549
38	0.00409417
39	0.00406815
40	0.00403748
41	0.00400621
42	0.00397301
43	0.00393906
44	0.00390304
45	0.00386418
46	0.0038232
47	0.00378178
48	0.00373958
49	0.00369523
50	0.00365014
51	0.00360331
52	0.00355403
53	0.00350542
54	0.003455
55	0.0034044
56	0.00335328
57	0.00330211
58	0.00324931
59	0.003195
60	0.00314217
61	0.00309016
62	0.00303741
63	0.00298475
64	0.00293212
65	0.00288008
66	0.0028281
67	0.00277669
68	0.00272545
69	0.00267461
70	0.00262442
71	0.00257431
72	0.00252398
73	0.00247393
74	0.0024245
75	0.00237657
76	0.00232987
77	0.002283
78	0.00223773
79	0.00219271
80	0.00214813
81	0.00210487
82	0.00206186
83	0.00201978
84	0.00197875
85	0.00193823
86	0.00189798
87	0.00185907
88	0.0018208
89	0.00178338
90	0.00174639
91	0.00171004
92	0.0016742
93	0.00163948
94	0.0016057
95	0.00157289
96	0.00154027
97	0.00150871
98	0.0014783
99	0.0014484
100	0.00141909
101	0.00139054
102	0.00136272
103	0.00133602
104	0.00130995
105	0.00128466
106	0.00125994
107	0.00123619
108	0.00121303
109	0.00119078
110	0.0011693
111	0.00114811
112	0.00112774
113	0.00110835
114	0.00108954
115	0.00107103
116	0.00105332
117	0.00103626
118	0.00101962
119	0.00100352
120	0.000988029
121	0.000972937
122	0.000958095
123	0.000943787
124	0.000929899
125	0.000916452
126	0.00090322
127	0.000890419
128	0.000877963
129	0.000865652
130	0.000853652
131	0.000841901
132	0.000830478
133	0.000819343
134	0.000808425
135	0.000797694
136	0.000787446
137	0.000777322
138	0.000767517
139	0.000757902
140	0.000748661
141	0.000739477
142	0.000730601
143	0.000721809
144	0.00071323
145	0.000704918
146	0.00069678
147	0.000688715
148	0.000680722
149	0.000672897
150	0.000665219
151	0.000657691
152	0.000650191
153	0.000642852
154	0.000635656
155	0.000628505
156	0.000621472
157	0.000614579
158	0.000607796
159	0.000601099
160	0.000594561
161	0.00058795
162	0.000581547
163	0.000575226
164	0.000569052
165	0.000562926
166	0.000556911
167	0.000550985
168	0.000545123
169	0.000539354
170	0.000533661
171	0.000527998
172	0.000522361
173	0.000516878
174	0.000511436
175	0.00050608
176	0.000500797
177	0.000495609
178	0.000490472
179	0.000485423
180	0.000480422
181	0.000475551
182	0.000470657
183	0.000465934
184	0.00046117
185	0.000456599
186	0.000451965
187	0.000447378
188	0.000442912
189	0.00043852
190	0.000434204
191	0.000429866
192	0.000425683
193	0.000421516
194	0.000417389
195	0.000413379
196	0.000409389
197	0.000405509
198	0.000401629
199	0.000397862
200	0.000394076
201	0.000390387
202	0.000386769
203	0.000383199
204	0.000379626
205	0.000376176
206	0.000372708
207	0.0003693
208	0.000365901
209	0.000362587
210	0.000359333
211	0.000356114
212	0.000352861
213	0.000349715
214	0.000346556
215	0.000343538
216	0.000340467
217	0.000337501
218	0.000334481
219	0.000331558
220	0.000328616
221	0.000325727
222	0.000322864
223	0.000320012
224	0.000317176
225	0.000314407
226	0.000311675
227	0.000308949
228	0.000306254
229	0.000303617
230	0.000301013
231	0.000298436
232	0.000295809
233	0.000293327
234	0.000290802
235	0.00028835
236	0.000285875
237	0.000283462
238	0.000281021
239	0.000278651
240	0.000276261
241	0.000273904
242	0.000271585
243	0.000269298
244	0.000267018
245	0.000264737
246	0.000262492
247	0.00026023
248	0.000258017
249	0.000255782
250	0.000253611
251	0.000251438
252	0.00024932
253	0.000247262
254	0.000245157
255	0.000243144
256	0.000241084
257	0.000239063
258	0.000237036
259	0.000235059
260	0.000233078
261	0.000231187
262	0.000229251
263	0.000227334
264	0.000225387
265	0.000223494
266	0.000221591
267	0.000219691
268	0.000217775
269	0.000215841
270	0.000213938
271	0.000212041
272	0.000210181
273	0.000208325
274	0.000206499
275	0.000204698
276	0.000202913
277	0.000201126
278	0.000199351
279	0.000197606
280	0.000195906
281	0.000194215
282	0.000192528
283	0.000190892
284	0.000189242
285	0.000187623
286	0.00018602
287	0.00018441
288	0.000182833
289	0.000181251
290	0.000179665
291	0.000178056
292	0.000176481
293	0.0001749
294	0.000173329
295	0.00017177
296	0.000170238
297	0.000168739
298	0.000167242
299	0.000165777
300	0.000164303
301	0.000162852
302	0.000161426
303	0.000160004
304	0.000158602
305	0.000157224
306	0.000155829
307	0.000154475
308	0.000153112
309	0.000151786
310	0.00015045
311	0.000149129
312	0.000147817
313	0.000146523
314	0.000145231
315	0.000143951
316	0.000142682
317	0.000141409
318	0.000140152
319	0.000138894
320	0.000137657
321	0.00013643
322	0.000135199
323	0.000133994
324	0.000132805
325	0.000131621
326	0.000130453
327	0.000129292
328	0.000128134
329	0.000126995
330	0.000125859
331	0.000124748
332	0.000123627
333	0.000122518
334	0.000121427
335	0.000120356
336	0.000119284
337	0.000118228
338	0.000117169
339	0.000116124
340	0.000115083
341	0.000114057
342	0.000113026
343	0.000112027
344	0.000111022
345	0.000110032
346	0.000109047
347	0.000108073
348	0.000107105
349	0.000106156
350	0.000105198
351	0.000104259
352	0.000103332
353	0.000102404
354	0.000101495
355	0.000100576
356	9.96739e-05
357	9.87839e-05
358	9.79011e-05
359	9.70337e-05
360	9.61682e-05
361	9.53175e-05
362	9.44664e-05
363	9.36203e-05
364	9.27878e-05
365	9.19535e-05
366	9.11319e-05
367	9.03225e-05
368	8.95196e-05
369	8.87266e-05
370	8.79429e-05
371	8.71743e-05
372	8.63994e-05
373	8.56446e-05
374	8.48946e-05
375	8.41531e-05
376	8.34134e-05
377	8.26761e-05
378	8.19476e-05
379	8.12343e-05
380	8.05292e-05
381	7.98306e-05
382	7.91336e-05
383	7.84592e-05
384	7.77794e-05
385	7.71091e-05
386	7.64441e-05
387	7.579e-05
388	7.51418e-05
389	7.45038e-05
390	7.38693e-05
391	7.3248e-05
392	7.26391e-05
393	7.20342e-05
394	7.14303e-05
395	7.08394e-05
396	7.02413e-05
397	6.96607e-05
398	6.90854e-05
399	6.85095e-05
400	6.79511e-05
401	6.74037e-05
402	6.68522e-05
403	6.63128e-05
404	6.57793e-05
405	6.52502e-05
406	6.47325e-05
407	6.42176e-05
408	6.37104e-05
409	6.32129e-05
410	6.27174e-05
411	6.22485e-05
412	6.17934e-05
413	6.13375e-05
414	6.0888e-05
415	6.04459e-05
416	6.00105e-05
417	5.95795e-05
418	5.91545e-05
419	5.87311e-05
420	5.83157e-05
421	5.79035e-05
422	5.74987e-05
423	5.70985e-05
424	5.67051e-05
425	5.63179e-05
426	5.59336e-05
427	5.55583e-05
428	5.51851e-05
429	5.48208e-05
430	5.44517e-05
431	5.40941e-05
432	5.37385e-05
433	5.33919e-05
434	5.30495e-05
435	5.27113e-05
436	5.2379e-05
437	5.20539e-05
438	5.17278e-05
439	5.14162e-05
440	5.11001e-05
441	5.07955e-05
442	5.04968e-05
443	5.02027e-05
444	4.99135e-05
445	4.96359e-05
446	4.93576e-05
447	4.90859e-05
448	4.88152e-05
449	4.85538e-05
450	4.82963e-05
451	4.80421e-05
452	4.77921e-05
453	4.7548e-05
454	4.73136e-05
455	4.70811e-05
456	4.68525e-05
457	4.66293e-05
458	4.64125e-05
459	4.61973e-05
460	4.59926e-05
461	4.57877e-05
462	4.55919e-05
463	4.53945e-05
464	4.52015e-05
465	4.50131e-05
466	4.48316e-05
467	4.46524e-05
468	4.44806e-05
469	4.43066e-05
470	4.41357e-05
471	4.39687e-05
472	4.38056e-05
473	4.36451e-05
474	4.34872e-05
475	4.33297e-05
476	4.31779e-05
477	4.30273e-05
478	4.28796e-05
479	4.27323e-05
480	4.25924e-05
481	4.24492e-05
482	4.23098e-05
483	4.21701e-05
484	4.20326e-05
485	4.18964e-05
486	4.17627e-05
487	4.16315e-05
488	4.14996e-05
489	4.13704e-05
490	4.12413e-05
491	4.11148e-05
492	4.09881e-05
493	4.08604e-05
494	4.07365e-05
495	4.06122e-05
496	4.04903e-05
497	4.03679e-05
498	4.02471e-05
499	4.01262e-05
500	4.00093e-05
501	3.98898e-05
502	3.97709e-05
503	3.96536e-05
504	3.95379e-05
505	3.94228e-05
506	3.93102e-05
507	3.91997e-05
508	3.90869e-05
509	3.89768e-05
510	3.88703e-05
511	3.87652e-05
512	3.86616e-05
513	3.85601e-05
514	3.84585e-05
515	3.8361e-05
516	3.82614e-05
517	3.8167e-05
518	3.80723e-05
519	3.79804e-05
520	3.78916e-05
521	3.78033e-05
522	3.77172e-05
523	3.76328e-05
524	3.75503e-05
525	3.74699e-05
526	3.73923e-05
527	3.73158e-05
528	3.72431e-05
529	3.71676e-05
530	3.70961e-05
531	3.70217e-05
532	3.69518e-05
533	3.68816e-05
534	3.68134e-05
535	3.67463e-05
536	3.66798e-05
537	3.66137e-05
538	3.65533e-05
539	3.64923e-05
540	3.64335e-05
541	3.63731e-05
542	3.63165e-05
543	3.62585e-05
544	3.62026e-05
545	3.61452e-05
546	3.60899e-05
547	3.6035e-05
548	3.59828e-05
549	3.59279e-05
550	3.58766e-05
551	3.58245e-05
552	3.57729e-05
553	3.57212e-05
554	3.56726e-05
555	3.56246e-05
556	3.55749e-05
557	3.55246e-05
558	3.54758e-05
559	3.5428e-05
560	3.53804e-05
561	3.53329e-05
562	3.52862e-05
563	3.52403e-05
564	3.51955e-05
565	3.51493e-05
566	3.51055e-05
567	3.50609e-05
568	3.50197e-05
569	3.49778e-05
570	3.49353e-05
571	3.4893e-05
572	3.48513e-05
573	3.481e-05
574	3.47687e-05
575	3.47259e-05
576	3.46863e-05
577	3.46461e-05
578	3.46041e-05
579	3.45638e-05
580	3.45255e-05
581	3.4484e-05
582	3.44449e-05
583	3.4406e-05
584	3.43658e-05
585	3.43244e-05
586	3.4285e-05
587	3.42443e-05
588	3.42038e-05
589	3.41631e-05
590	3.41243e-05
591	3.40848e-05
592	3.40467e-05
593	3.40071e-05
594	3.39675e-05
595	3.39264e-05
596	3.38861e-05
597	3.38436e-05
598	3.38015e-05
599	3.37565e-05
600	3.37116e-05
601	3.36654e-05
602	3.36191e-05
603	3.3572e-05
604	3.35248e-05
605	3.34751e-05
606	3.34274e-05
607	3.33769e-05
608	3.33267e-05
609	3.32768e-05
610	3.32264e-05
611	3.3175e-05
612	3.31242e-05
613	3.30713e-05
614	3.30199e-05
615	3.29646e-05
616	3.29121e-05
617	3.28572e-05
618	3.2801e-05
619	3.27448e-05
620	3.269e-05
621	3.26331e-05
622	3.25757e-05
623	3.25176e-05
624	3.24593e-05
625	3.2401e-05
626	3.23408e-05
627	3.22788e-05
628	3.22185e-05
629	3.21556e-05
630	3.2092e-05
631	3.2027e-05
632	3.1962e-05
633	3.18948e-05
634	3.18288e-05
635	3.17622e-05
636	3.16948e-05
637	3.16263e-05
638	3.15586e-05
639	3.14882e-05
640	3.14195e-05
641	3.13479e-05
642	3.12772e-05
643	3.12034e-05
644	3.1132e-05
645	3.10578e-05
646	3.09831e-05
647	3.0909e-05
648	3.08333e-05
649	3.07575e-05
650	3.06794e-05
651	3.0602e-05
652	3.05236e-05
653	3.04437e-05
654	3.03653e-05
655	3.02842e-05
656	3.02034e-05
657	3.01205e-05
658	3.00396e-05
659	2.99553e-05
660	2.98723e-05
661	2.97873e-05
662	2.97032e-05
663	2.96194e-05
664	2.9534e-05
665	2.94484e-05
666	2.93625e-05
667	2.92761e-05
668	2.91886e-05
669	2.91013e-05
670	2.90141e-05
671	2.89237e-05
672	2.88371e-05
673	2.87464e-05
674	2.86583e-05
675	2.85672e-05
676	2.8477e-05
677	2.83857e-05
678	2.82939e-05
679	2.82029e-05
680	2.81086e-05
681	2.80155e-05
682	2.79218e-05
683	2.78267e-05
684	2.77323e-05
685	2.76383e-05
686	2.75428e-05
687	2.74472e-05
688	2.73524e-05
689	2.7255e-05
690	2.71599e-05
691	2.70619e-05
692	2.69648e-05
693	2.68677e-05
694	2.677e-05
695	2.66716e-05
696	2.65731e-05
697	2.64734e-05
698	2.63751e-05
699	2.62753e-05
700	2.6176e-05
701	2.6076e-05
702	2.59765e-05
703	2.58752e-05
704	2.57748e-05
705	2.5674e-05
706	2.55731e-05
707	2.54711e-05
708	2.53702e-05
709	2.52682e-05
710	2.51675e-05
711	2.50647e-05
712	2.49632e-05
713	2.48597e-05
714	2.4758e-05
715	2.46545e-05
716	2.45516e-05
717	2.44472e-05
718	2.43435e-05
719	2.42391e-05
720	2.41363e-05
721	2.4031e-05
722	2.39279e-05
723	2.38223e-05
724	2.37183e-05
725	2.3614e-05
726	2.35094e-05
727	2.34044e-05
728	2.32996e-05
729	2.31946e-05
730	2.30898e-05
731	2.29844e-05
732	2.28796e-05
733	2.2773e-05
734	2.26679e-05
735	2.25614e-05
736	2.2457e-05
737	2.23519e-05
738	2.2248e-05
739	2.21425e-05
740	2.20375e-05
741	2.19317e-05
742	2.18272e-05
743	2.17212e-05
744	2.1616e-05
745	2.15105e-05
746	2.14056e-05
747	2.12991e-05
748	2.11936e-05
749	2.10873e-05
750	2.09826e-05
751	2.08766e-05
752	2.07708e-05
753	2.06648e-05
754	2.05601e-05
755	2.04538e-05
756	2.03486e-05
757	2.0242e-05
758	2.01367e-05
759	2.00316e-05
760	1.99267e-05
761	1.98209e-05
762	1.9717e-05
763	1.96118e-05
764	1.9508e-05
765	1.9403e-05
766	1.92991e-05
767	1.91938e-05
768	1.90903e-05
769	1.89868e-05
770	1.88838e-05
771	1.87801e-05
772	1.86761e-05
773	1.8573e-05
774	1.84704e-05
775	1.83661e-05
776	1.82643e-05
777	1.81621e-05
778	1.80594e-05
779	1.79576e-05
780	1.78562e-05
781	1.77536e-05
782	1.76524e-05
783	1.75518e-05
784	1.74512e-05
785	1.73501e-05
786	1.72502e-05
787	1.71509e-05
788	1.70518e-05
789	1.69526e-05
790	1.68532e-05
791	1.67553e-05
792	1.66565e-05
793	1.65578e-05
794	1.64608e-05
795	1.63619e-05
796	1.62652e-05
797	1.61671e-05
798	1.60707e-05
799	1.59735e-05
800	1.58779e-05
801	1.57813e-05
802	1.56858e-05
803	1.55907e-05
804	1.54951e-05
805	1.54003e-05
806	1.53059e-05
807	1.5212e-05
808	1.51179e-05
809	1.50248e-05
810	1.49313e-05
811	1.48387e-05
812	1.47462e-05
813	1.46542e-05
814	1.45624e-05
815	1.44712e-05
816	1.438e-05
817	1.42896e-05
818	1.41994e-05
819	1.41105e-05
820	1.40202e-05
821	1.39319e-05
822	1.38423e-05
823	1.37541e-05
824	1.36655e-05
825	1.35787e-05
826	1.34898e-05
827	1.34041e-05
828	1.33164e-05
829	1.32309e-05
830	1.31443e-05
831	1.30603e-05
832	1.29734e-05
833	1.28906e-05
834	1.28049e-05
835	1.27228e-05
836	1.26379e-05
837	1.25568e-05
838	1.24729e-05
839	1.23925e-05
840	1.23092e-05
841	1.22293e-05
842	1.21469e-05
843	1.20678e-05
844	1.19862e-05
845	1.1908e-05
846	1.18269e-05
847	1.17493e-05
848	1.16714e-05
849	1.15961e-05
850	1.15187e-05
851	1.14433e-05
852	1.13667e-05
853	1.12921e-05
854	1.12158e-05
855	1.11423e-05
856	1.10667e-05
857	1.09935e-05
858	1.09187e-05
859	1.08459e-05
860	1.07723e-05
861	1.07006e-05
862	1.06278e-05
863	1.05566e-05
864	1.04847e-05
865	1.04147e-05
866	1.03435e-05
867	1.02744e-05
868	1.02042e-05
869	1.01359e-05
870	1.00671e-05
871	9.99974e-06
872	9.93129e-06
873	9.86447e-06
874	9.79664e-06
875	9.73035e-06
876	9.66427e-06
877	9.59847e-06
878	9.53303e-06
879	9.46779e-06
880	9.40262e-06
881	9.33797e-06
882	9.27362e-06
883	9.20941e-06
884	9.14571e-06
885	9.08242e-06
886	9.01863e-06
887	8.95542e-06
888	8.89285e-06
889	8.85155e-06
890	8.80202e-06
891	8.75724e-06
892	8.71e-06
893	8.66463e-06
894	8.61859e-06
895	8.57264e-06
896	8.52663e-06
897	8.48047e-06
898	8.43404e-06
899	8.38769e-06
900	8.34123e-06
901	8.29447e-06
902	8.24773e-06
903	8.20123e-06
904	8.15382e-06
905	8.10719e-06
906	8.05996e-06
907	8.01324e-06
908	7.96562e-06
909	7.91922e-06
910	7.87197e-06
911	7.8255e-06
912	7.77822e-06
913	7.73183e-06
914	7.68483e-06
915	7.63844e-06
916	7.59157e-06
917	7.54552e-06
918	7.49873e-06
919	7.45021e-06
920	7.40048e-06
921	7.35301e-06
922	7.30407e-06
923	7.25696e-06
924	7.20893e-06
925	7.16233e-06
926	7.11475e-06
927	7.0687e-06
928	7.0215e-06
929	6.97597e-06
930	6.9294e-06
931	6.88414e-06
932	6.83822e-06
933	6.79377e-06
934	6.74814e-06
935	6.70375e-06
936	6.65867e-06
937	6.6148e-06
938	6.57023e-06
939	6.52694e-06
940	6.48299e-06
941	6.43991e-06
942	6.39659e-06
943	6.35376e-06
944	6.31099e-06
945	6.26879e-06
946	6.22636e-06
947	6.18453e-06
948	6.14269e-06
949	6.10129e-06
950	6.05988e-06
951	6.01871e-06
952	5.97777e-06
953	5.9371e-06
954	5.89658e-06
955	5.85635e-06
956	5.81622e-06
957	5.77646e-06
958	5.73674e-06
959	5.6974e-06
960	5.65941e-06
961	5.6217e-06
962	5.58367e-06
963	5.54595e-06
964	5.50799e-06
965	5.47022e-06
966	5.43267e-06
967	5.39546e-06
968	5.35815e-06
969	5.32107e-06
970	5.28393e-06
971	5.24704e-06
972	5.21053e-06
973	5.17396e-06
974	5.13755e-06
975	5.10144e-06
976	5.06529e-06
977	5.0294e-06
978	4.99379e-06
979	4.95844e-06
980	4.92323e-06
981	4.88822e-06
982	4.85319e-06
983	4.8185e-06
984	4.78407e-06
985	4.74966e-06
986	4.71555e-06
987	4.68171e-06
988	4.64786e-06
989	4.61431e-06
990	4.58106e-06
991	4.54797e-06
992	4.51498e-06
993	4.48231e-06
994	4.44986e-06
995	4.41753e-06
996	4.38545e-06
997	4.35349e-06
998	4.32184e-06
999	4.29041e-06
1000	4.25916e-06
