1	1
2	0.263769
3	0.329208
4	0.276357
5	0.166978
6	0.0976446
7	0.0728187
8	0.0709411
9	0.0772653
10	0.0735809
11	0.06004
12	0.0480375
13	0.0421655
14	0.0409421
15	0.0402237
16	0.0375783
17	0.0334905
18	0.0299802
19	0.0278965
20	0.0267939
21	0.0257345
22	0.0242366
23	0.0225877
24	0.0211421
25	0.0200961
26	0.0192751
27	0.0184865
28	0.0176268
29	0.0167459
30	0.0159679
31	0.0153065
32	0.014732
33	0.0141799
34	0.0136311
35	0.0131059
36	0.0126197
37	0.0121834
38	0.0117906
39	0.0114068
40	0.0110301
41	0.0106835
42	0.0103528
43	0.0100538
44	0.00975813
45	0.00948613
46	0.00921962
47	0.00896765
48	0.00873014
49	0.008506
50	0.00828766
51	0.00808009
52	0.00787801
53	0.00768634
54	0.00750567
55	0.00733627
56	0.00716814
57	0.00701025
58	0.00685356
59	0.00670854
60	0.00656792
61	0.00643333
62	0.00630225
63	0.00617744
64	0.00605602
65	0.00594119
66	0.00582948
67	0.00572197
68	0.00561716
69	0.00551841
70	0.00542134
71	0.00532645
72	0.00523544
73	0.0051472
74	0.00506164
75	0.00497922
76	0.00490034
77	0.00482362
78	0.00474856
79	0.00467682
80	0.0046064
81	0.00453803
82	0.00447326
83	0.00440918
84	0.00434878
85	0.00428798
86	0.00423276
87	0.00417711
88	0.00412427
89	0.00407258
90	0.00402288
91	0.00397542
92	0.00392934
93	0.00388428
94	0.00384318
95	0.00380226
96	0.00376364
97	0.00372689
98	0.00369014
99	0.00365551
100	0.00362218
101	0.00359039
102	0.00355894
103	0.00352864
104	0.00350044
105	0.00347321
106	0.00344716
107	0.00342245
108	0.00339823
109	0.00337589
110	0.00335451
111	0.00333397
112	0.00331455
113	0.00329535
114	0.00327743
115	0.00326137
116	0.00324545
117	0.00323035
118	0.00321648
119	0.00320346
120	0.0031919
121	0.00318077
122	0.00316977
123	0.00316087
124	0.00315172
125	0.00314369
126	0.003136
127	0.00312946
128	0.00312291
129	0.00311679
130	0.00311059
131	0.00310594
132	0.00310019
133	0.00309632
134	0.00309304
135	0.00309052
136	0.00308768
137	0.00308712
138	0.00308564
139	0.00308458
140	0.0030837
141	0.00308434
142	0.00308418
143	0.00308446
144	0.00308476
145	0.00308535
146	0.00308525
147	0.00308593
148	0.00308673
149	0.0030879
150	0.00308872
151	0.00308935
152	0.00308998
153	0.00309088
154	0.00309128
155	0.00309151
156	0.00309146
157	0.00309201
158	0.00309156
159	0.00309173
160	0.00309206
161	0.0030916
162	0.00309097
163	0.00309084
164	0.00309068
165	0.0030907
166	0.00309104
167	0.00309055
168	0.00309032
169	0.00309003
170	0.00308977
171	0.00308936
172	0.00308878
173	0.00308798
174	0.00308701
175	0.00308546
176	0.00308369
177	0.00308221
178	0.00308084
179	0.00307902
180	0.00307758
181	0.00307498
182	0.00307339
183	0.00307138
184	0.00306861
185	0.00306607
186	0.00306362
187	0.00306031
188	0.00305718
189	0.00305376
190	0.00305023
191	0.0030464
192	0.00304322
193	0.00304008
194	0.00303622
195	0.00303202
196	0.00302856
197	0.00302484
198	0.00302037
199	0.00301603
200	0.00301211
201	0.00300696
202	0.00300245
203	0.00299717
204	0.00299208
205	0.00298675
206	0.00298176
207	0.0029763
208	0.00297055
209	0.00296468
210	0.00295946
211	0.00295302
212	0.00294753
213	0.00294113
214	0.00293513
215	0.00292898
216	0.00292255
217	0.00291612
218	0.00290914
219	0.00290224
220	0.00289462
221	0.00288707
222	0.0028799
223	0.00287231
224	0.00286401
225	0.00285609
226	0.00284764
227	0.00283899
228	0.00283043
229	0.00282215
230	0.00281365
231	0.00280467
232	0.00279543
233	0.0027864
234	0.00277723
235	0.00276745
236	0.00275763
237	0.00274828
238	0.00273823
239	0.00272808
240	0.00271768
241	0.00270721
242	0.00269714
243	0.00268688
244	0.00267601
245	0.00266521
246	0.00265436
247	0.0026436
248	0.00263207
249	0.00262121
250	0.0026101
251	0.00259891
252	0.00258726
253	0.00257617
254	0.00256446
255	0.002553
256	0.00254126
257	0.00252991
258	0.00251818
259	0.00250671
260	0.0024948
261	0.00248275
262	0.00247033
263	0.00245787
264	0.00244582
265	0.0024336
266	0.00242129
267	0.00240922
268	0.00239649
269	0.00238399
270	0.0023715
271	0.00235889
272	0.00234622
273	0.00233372
274	0.00232099
275	0.00230834
276	0.00229584
277	0.00228319
278	0.00227035
279	0.0022576
280	0.00224484
281	0.00223207
282	0.00221922
283	0.00220655
284	0.00219384
285	0.00218126
286	0.0021685
287	0.00215595
288	0.00214349
289	0.00213095
290	0.00211835
291	0.00210601
292	0.0020937
293	0.00208144
294	0.00206907
295	0.00205697
296	0.00204509
297	0.00203327
298	0.00202151
299	0.00200977
300	0.00199803
301	0.00198656
302	0.00197507
303	0.00196343
304	0.00195189
305	0.00194059
306	0.00192947
307	0.00191842
308	0.00190735
309	0.00189646
310	0.00188545
311	0.00187467
312	0.00186391
313	0.00185331
314	0.00184276
315	0.00183241
316	0.00182192
317	0.00181172
318	0.00180152
319	0.00179162
320	0.00178158
321	0.00177167
322	0.00176187
323	0.00175226
324	0.00174258
325	0.00173315
326	0.00172354
327	0.00171403
328	0.00170453
329	0.00169529
330	0.00168601
331	0.00167692
332	0.00166769
333	0.00165874
334	0.00164978
335	0.00164092
336	0.00163215
337	0.00162362
338	0.00161498
339	0.00160657
340	0.00159796
341	0.00158969
342	0.00158135
343	0.00157315
344	0.00156501
345	0.00155712
346	0.00154925
347	0.00154144
348	0.0015337
349	0.00152609
350	0.00151858
351	0.00151114
352	0.00150373
353	0.0014965
354	0.00148929
355	0.00148219
356	0.00147506
357	0.00146815
358	0.00146101
359	0.00145435
360	0.00144774
361	0.00144108
362	0.00143441
363	0.00142789
364	0.00142133
365	0.00141493
366	0.0014085
367	0.00140226
368	0.00139593
369	0.00138985
370	0.00138368
371	0.00137772
372	0.00137173
373	0.00136584
374	0.00135992
375	0.00135401
376	0.00134826
377	0.00134266
378	0.00133703
379	0.00133138
380	0.00132587
381	0.00132045
382	0.00131514
383	0.00130973
384	0.00130443
385	0.00129918
386	0.00129388
387	0.00128867
388	0.00128362
389	0.00127846
390	0.00127333
391	0.00126839
392	0.00126347
393	0.00125852
394	0.00125358
395	0.00124874
396	0.00124392
397	0.0012391
398	0.0012343
399	0.00122957
400	0.00122487
401	0.00122026
402	0.00121549
403	0.00121091
404	0.00120626
405	0.00120164
406	0.00119703
407	0.00119254
408	0.00118795
409	0.00118348
410	0.00117881
411	0.0011743
412	0.00116992
413	0.0011655
414	0.00116102
415	0.00115669
416	0.00115227
417	0.00114784
418	0.00114343
419	0.0011392
420	0.0011348
421	0.00113043
422	0.00112613
423	0.00112191
424	0.00111754
425	0.00111344
426	0.00110915
427	0.00110495
428	0.00110064
429	0.00109638
430	0.00109218
431	0.00108806
432	0.00108382
433	0.00107967
434	0.0010755
435	0.00107145
436	0.00106735
437	0.00106326
438	0.00105908
439	0.00105509
440	0.00105097
441	0.001047
442	0.00104292
443	0.00103899
444	0.00103493
445	0.00103078
446	0.00102674
447	0.00102276
448	0.00101885
449	0.00101496
450	0.00101105
451	0.00100722
452	0.00100334
453	0.000999473
454	0.000995652
455	0.000991839
456	0.000987975
457	0.00098424
458	0.000980409
459	0.000976683
460	0.000972941
461	0.00096921
462	0.000965504
463	0.000961813
464	0.000958123
465	0.000954497
466	0.000950769
467	0.000947173
468	0.000943557
469	0.000940003
470	0.000936446
471	0.000932918
472	0.000929351
473	0.000925841
474	0.00092227
475	0.000918792
476	0.000915211
477	0.000911735
478	0.000908274
479	0.000904851
480	0.000901364
481	0.000898005
482	0.000894537
483	0.000891165
484	0.000887732
485	0.000884345
486	0.000880986
487	0.000877619
488	0.000874308
489	0.000870999
490	0.000867638
491	0.000864326
492	0.000861067
493	0.000857834
494	0.000854555
495	0.000851312
496	0.000847978
497	0.0008448
498	0.000841581
499	0.000838425
500	0.000835189
501	0.000831984
502	0.0008288
503	0.000825627
504	0.000822459
505	0.00081932
506	0.000816146
507	0.000813043
508	0.000809878
509	0.000806792
510	0.000803675
511	0.000800621
512	0.000797542
513	0.000794467
514	0.000791351
515	0.000788287
516	0.00078523
517	0.00078215
518	0.000779131
519	0.000776127
520	0.000773084
521	0.000770081
522	0.000767055
523	0.000764077
524	0.000761066
525	0.000758094
526	0.000755108
527	0.000752193
528	0.00074921
529	0.000746285
530	0.000743347
531	0.000740434
532	0.0007375
533	0.000734607
534	0.000731721
535	0.0007288
536	0.000725839
537	0.000722944
538	0.000720043
539	0.000717155
540	0.000714273
541	0.000711419
542	0.00070858
543	0.000705741
544	0.000702909
545	0.000700099
546	0.000697221
547	0.000694348
548	0.000691505
549	0.00068872
550	0.000685932
551	0.000683118
552	0.000680289
553	0.000677513
554	0.00067468
555	0.000671949
556	0.000669165
557	0.000666418
558	0.000663634
559	0.00066087
560	0.000658144
561	0.000655444
562	0.000652709
563	0.000649999
564	0.000647248
565	0.000644557
566	0.000641847
567	0.000639205
568	0.000636505
569	0.000633857
570	0.000631195
571	0.000628562
572	0.000625918
573	0.00062329
574	0.000620653
575	0.000618052
576	0.000615434
577	0.000612859
578	0.000610264
579	0.000607669
580	0.00060508
581	0.000602558
582	0.00059993
583	0.000597358
584	0.000594794
585	0.000592264
586	0.000589713
587	0.000587173
588	0.000584641
589	0.000582146
590	0.00057963
591	0.000577135
592	0.00057465
593	0.000572145
594	0.000569636
595	0.000567171
596	0.000564709
597	0.000562286
598	0.00055984
599	0.000557414
600	0.000554979
601	0.000552579
602	0.000550168
603	0.000547774
604	0.000545342
605	0.000542917
606	0.000540518
607	0.000538165
608	0.000535782
609	0.000533451
610	0.000531081
611	0.000528755
612	0.0005264
613	0.000524088
614	0.000521734
615	0.000519408
616	0.000517088
617	0.00051476
618	0.000512444
619	0.000510181
620	0.000507871
621	0.000505609
622	0.000503312
623	0.000501069
624	0.00049878
625	0.000496556
626	0.000494314
627	0.000492074
628	0.000489823
629	0.000487607
630	0.000485371
631	0.000483172
632	0.000480969
633	0.000478772
634	0.000476556
635	0.00047439
636	0.000472214
637	0.000470058
638	0.000467897
639	0.00046573
640	0.000463566
641	0.000461434
642	0.000459253
643	0.00045712
644	0.000454967
645	0.00045286
646	0.000450697
647	0.000448592
648	0.000446466
649	0.00044437
650	0.000442257
651	0.000440168
652	0.000438072
653	0.000435978
654	0.00043389
655	0.000431832
656	0.000429768
657	0.000427697
658	0.000425643
659	0.000423603
660	0.000421563
661	0.000419531
662	0.000417478
663	0.000415449
664	0.000413452
665	0.000411413
666	0.000409411
667	0.000407405
668	0.000405397
669	0.00040342
670	0.000401407
671	0.000399449
672	0.000397462
673	0.000395501
674	0.000393522
675	0.000391561
676	0.000389612
677	0.000387676
678	0.000385731
679	0.000383803
680	0.000381869
681	0.000379981
682	0.000378053
683	0.000376158
684	0.000374243
685	0.000372358
686	0.000370479
687	0.000368572
688	0.000366703
689	0.000364848
690	0.000362974
691	0.000361106
692	0.000359225
693	0.000357393
694	0.000355533
695	0.000353694
696	0.000351849
697	0.000350036
698	0.000348207
699	0.000346395
700	0.000344566
701	0.00034278
702	0.000340964
703	0.000339176
704	0.000337376
705	0.000335594
706	0.000333812
707	0.000332057
708	0.000330289
709	0.000328531
710	0.000326766
711	0.000325038
712	0.000323291
713	0.000321576
714	0.000319828
715	0.000318126
716	0.000316396
717	0.000314685
718	0.000312982
719	0.000311282
720	0.000309576
721	0.000307897
722	0.000306223
723	0.000304542
724	0.00030287
725	0.00030122
726	0.000299554
727	0.000297913
728	0.000296268
729	0.000294638
730	0.000292973
731	0.000291353
732	0.000289736
733	0.000288119
734	0.000286505
735	0.000284909
736	0.000283313
737	0.00028174
738	0.000280154
739	0.000278588
740	0.000277012
741	0.000275461
742	0.000273898
743	0.000272353
744	0.000270797
745	0.000269269
746	0.00026772
747	0.000266195
748	0.000264669
749	0.000263158
750	0.000261648
751	0.000260144
752	0.000258643
753	0.000257166
754	0.000255672
755	0.000254196
756	0.000252714
757	0.000251252
758	0.000249779
759	0.00024833
760	0.000246869
761	0.000245433
762	0.00024399
763	0.000242565
764	0.000241131
765	0.000239717
766	0.000238295
767	0.000236897
768	0.000235492
769	0.000234104
770	0.000232705
771	0.000231325
772	0.000229947
773	0.000228585
774	0.000227214
775	0.000225857
776	0.000224493
777	0.000223152
778	0.000221805
779	0.000220471
780	0.000219134
781	0.000217815
782	0.000216488
783	0.000215183
784	0.000213873
785	0.000212574
786	0.000211277
787	0.000209994
788	0.00020871
789	0.000207443
790	0.000206166
791	0.000204906
792	0.000203647
793	0.000202399
794	0.000201143
795	0.000199912
796	0.000198667
797	0.000197443
798	0.000196211
799	0.000194994
800	0.000193776
801	0.000192576
802	0.000191367
803	0.000190175
804	0.000188989
805	0.0001878
806	0.000186627
807	0.000185454
808	0.00018428
809	0.000183124
810	0.000181968
811	0.00018082
812	0.000179668
813	0.000178536
814	0.000177403
815	0.00017628
816	0.000175159
817	0.000174053
818	0.000172938
819	0.000171836
820	0.000170734
821	0.000169645
822	0.000168554
823	0.000167469
824	0.000166387
825	0.00016532
826	0.000164252
827	0.000163195
828	0.000162139
829	0.000161098
830	0.000160049
831	0.000159018
832	0.00015798
833	0.000156955
834	0.000155931
835	0.000154917
836	0.000153904
837	0.000152899
838	0.000151897
839	0.000150897
840	0.00014991
841	0.000148927
842	0.000147947
843	0.000146969
844	0.000146002
845	0.000145037
846	0.000144077
847	0.000143127
848	0.000142186
849	0.000141254
850	0.000140318
851	0.000139386
852	0.000138461
853	0.000137543
854	0.000136627
855	0.000135719
856	0.000134813
857	0.00013391
858	0.000133015
859	0.000132125
860	0.000131236
861	0.000130353
862	0.000129473
863	0.000128603
864	0.000127734
865	0.00012687
866	0.000126011
867	0.000125157
868	0.000124303
869	0.000123459
870	0.000122622
871	0.000121785
872	0.000120952
873	0.000120128
874	0.000119305
875	0.000118486
876	0.000117669
877	0.000116858
878	0.000116054
879	0.000115256
880	0.00011446
881	0.000113668
882	0.000112878
883	0.000112096
884	0.000111317
885	0.000110545
886	0.000109774
887	0.000109006
888	0.000108276
889	0.00010757
890	0.000106865
891	0.000106161
892	0.000105464
893	0.000104769
894	0.000104077
895	0.000103385
896	0.000102698
897	0.000102015
898	0.000101332
899	0.000100656
900	9.99797e-05
901	9.93068e-05
902	9.8634e-05
903	9.79653e-05
904	9.72996e-05
905	9.66409e-05
906	9.5981e-05
907	9.53252e-05
908	9.4673e-05
909	9.40232e-05
910	9.33762e-05
911	9.27285e-05
912	9.2088e-05
913	9.14485e-05
914	9.081e-05
915	9.01769e-05
916	8.95468e-05
917	8.89185e-05
918	8.82942e-05
919	8.76749e-05
920	8.70558e-05
921	8.64398e-05
922	8.58265e-05
923	8.52177e-05
924	8.46097e-05
925	8.40062e-05
926	8.34018e-05
927	8.28053e-05
928	8.22092e-05
929	8.16166e-05
930	8.10272e-05
931	8.04427e-05
932	7.98609e-05
933	7.92811e-05
934	7.87064e-05
935	7.81353e-05
936	7.75659e-05
937	7.70017e-05
938	7.64389e-05
939	7.5882e-05
940	7.53248e-05
941	7.47712e-05
942	7.42209e-05
943	7.36758e-05
944	7.31288e-05
945	7.2588e-05
946	7.20514e-05
947	7.1517e-05
948	7.09865e-05
949	7.04579e-05
950	6.99348e-05
951	6.94127e-05
952	6.88937e-05
953	6.8377e-05
954	6.78653e-05
955	6.7355e-05
956	6.68473e-05
957	6.63432e-05
958	6.58421e-05
959	6.53432e-05
960	6.48527e-05
961	6.43676e-05
962	6.38855e-05
963	6.34029e-05
964	6.29244e-05
965	6.24464e-05
966	6.19747e-05
967	6.15036e-05
968	6.1035e-05
969	6.05704e-05
970	6.01097e-05
971	5.96481e-05
972	5.91907e-05
973	5.87359e-05
974	5.82835e-05
975	5.78322e-05
976	5.73843e-05
977	5.69395e-05
978	5.64981e-05
979	5.60582e-05
980	5.56216e-05
981	5.51859e-05
982	5.47562e-05
983	5.43268e-05
984	5.39017e-05
985	5.34791e-05
986	5.30599e-05
987	5.264e-05
988	5.2224e-05
989	5.18114e-05
990	5.14e-05
991	5.09913e-05
992	5.05852e-05
993	5.01807e-05
994	4.9781e-05
995	4.93824e-05
996	4.89868e-05
997	4.85944e-05
998	4.82052e-05
999	4.78164e-05
1000	4.7431e-05
