	1.17394
1	1.1763
2	1.1875
3	1.22807
4	1.27705
5	1.30151
6	1.30438
7	1.30358
8	1.30476
9	1.31285
10	1.32157
11	1.32346
12	1.3223
13	1.32194
14	1.32311
15	1.32653
16	1.33002
17	1.33232
18	1.3347
19	1.33754
20	1.34112
21	1.34533
22	1.34964
23	1.35387
24	1.35816
25	1.36267
26	1.36745
27	1.37244
28	1.37753
29	1.38268
30	1.38794
31	1.39333
32	1.39884
33	1.40446
34	1.41016
35	1.41593
36	1.42178
37	1.42771
38	1.43371
39	1.43978
40	1.4459
41	1.45209
42	1.45833
43	1.46462
44	1.47096
45	1.47735
46	1.48379
47	1.49028
48	1.49682
49	1.50341
50	1.51006
51	1.51675
52	1.5235
53	1.53029
54	1.53713
55	1.54402
56	1.55095
57	1.55792
58	1.56493
59	1.57198
60	1.57907
61	1.58621
62	1.59338
63	1.60058
64	1.60783
65	1.61511
66	1.62243
67	1.62979
68	1.63718
69	1.6446
70	1.65205
71	1.65953
72	1.66705
73	1.67459
74	1.68216
75	1.68975
76	1.69737
77	1.70501
78	1.71267
79	1.72037
80	1.72809
81	1.73584
82	1.74363
83	1.75145
84	1.7593
85	1.76719
86	1.7751
87	1.78305
88	1.79103
89	1.79905
90	1.80709
91	1.81517
92	1.82328
93	1.83141
94	1.83958
95	1.84776
96	1.85597
97	1.86421
98	1.87247
99	1.88075
100	1.88905
101	1.89738
102	1.90572
103	1.91409
104	1.92248
105	1.93088
106	1.93931
107	1.94775
108	1.95622
109	1.9647
110	1.9732
111	1.98171
112	1.99025
113	1.99881
114	2.00738
115	2.01597
116	2.02457
117	2.03319
118	2.04183
119	2.05048
120	2.05915
121	2.06784
122	2.07654
123	2.08525
124	2.09398
125	2.10272
126	2.11147
127	2.12023
128	2.129
129	2.13778
130	2.14656
131	2.15536
132	2.16416
133	2.17297
134	2.18178
135	2.1906
136	2.19941
137	2.20824
138	2.21706
139	2.22588
140	2.23469
141	2.24351
142	2.25231
143	2.26111
144	2.26991
145	2.27869
146	2.28746
147	2.29623
148	2.30498
149	2.31372
150	2.32244
151	2.33114
152	2.33983
153	2.3485
154	2.35716
155	2.36579
156	2.3744
157	2.38298
158	2.39155
159	2.40009
160	2.4086
161	2.41709
162	2.42555
163	2.43398
164	2.44238
165	2.45075
166	2.4591
167	2.46741
168	2.47569
169	2.48394
170	2.49215
171	2.50034
172	2.50848
173	2.5166
174	2.52468
175	2.53272
176	2.54072
177	2.54869
178	2.55662
179	2.56451
180	2.57236
181	2.58017
182	2.58795
183	2.59568
184	2.60337
185	2.61102
186	2.61863
187	2.6262
188	2.63372
189	2.6412
190	2.64864
191	2.65603
192	2.66338
193	2.67069
194	2.67795
195	2.68517
196	2.69234
197	2.69946
198	2.70654
199	2.71357
200	2.72056
201	2.7275
202	2.73439
203	2.74123
204	2.74803
205	2.75478
206	2.76148
207	2.76813
208	2.77473
209	2.78129
210	2.78779
211	2.79425
212	2.80065
213	2.80701
214	2.81331
215	2.81957
216	2.82577
217	2.83193
218	2.83803
219	2.84408
220	2.85008
221	2.85603
222	2.86192
223	2.86777
224	2.87356
225	2.8793
226	2.88499
227	2.89063
228	2.89622
229	2.90176
230	2.90724
231	2.91267
232	2.91805
233	2.92338
234	2.92866
235	2.93388
236	2.93905
237	2.94418
238	2.94925
239	2.95426
240	2.95923
241	2.96415
242	2.96901
243	2.97382
244	2.97858
245	2.98329
246	2.98795
247	2.99256
248	2.99712
249	3.00162
250	3.00608
251	3.01048
252	3.01484
253	3.01914
254	3.02339
255	3.0276
256	3.03175
257	3.03585
258	3.03991
259	3.04391
260	3.04787
261	3.05177
262	3.05563
263	3.05944
264	3.0632
265	3.06691
266	3.07057
267	3.07418
268	3.07775
269	3.08127
270	3.08473
271	3.08816
272	3.09153
273	3.09486
274	3.09814
275	3.10138
276	3.10457
277	3.10771
278	3.11081
279	3.11386
280	3.11687
281	3.11983
282	3.12275
283	3.12562
284	3.12845
285	3.13123
286	3.13397
287	3.13667
288	3.13932
289	3.14193
290	3.1445
291	3.14703
292	3.14951
293	3.15195
294	3.15435
295	3.1567
296	3.15902
297	3.16129
298	3.16352
299	3.16571
300	3.16786
301	3.16998
302	3.17205
303	3.17408
304	3.17607
305	3.17802
306	3.17993
307	3.18181
308	3.18364
309	3.18544
310	3.1872
311	3.18892
312	3.1906
313	3.19225
314	3.19386
315	3.19543
316	3.19696
317	3.19846
318	3.19992
319	3.20135
320	3.20274
321	3.20409
322	3.20541
323	3.2067
324	3.20795
325	3.20916
326	3.21034
327	3.21149
328	3.2126
329	3.21368
330	3.21472
331	3.21573
332	3.21671
333	3.21765
334	3.21857
335	3.21944
336	3.22029
337	3.2211
338	3.22189
339	3.22264
340	3.22335
341	3.22404
342	3.2247
343	3.22532
344	3.22591
345	3.22648
346	3.22701
347	3.22751
348	3.22798
349	3.22843
350	3.22884
351	3.22922
352	3.22958
353	3.2299
354	3.2302
355	3.23047
356	3.2307
357	3.23092
358	3.2311
359	3.23126
360	3.23138
361	3.23148
362	3.23156
363	3.23161
364	3.23163
365	3.23162
366	3.23159
367	3.23153
368	3.23144
369	3.23133
370	3.2312
371	3.23104
372	3.23085
373	3.23064
374	3.23041
375	3.23015
376	3.22986
377	3.22956
378	3.22922
379	3.22887
380	3.22849
381	3.22808
382	3.22766
383	3.22721
384	3.22674
385	3.22624
386	3.22572
387	3.22518
388	3.22462
389	3.22404
390	3.22343
391	3.2228
392	3.22216
393	3.22149
394	3.22079
395	3.22008
396	3.21935
397	3.2186
398	3.21782
399	3.21703
400	3.21622
401	3.21538
402	3.21453
403	3.21366
404	3.21277
405	3.21185
406	3.21092
407	3.20997
408	3.20901
409	3.20802
410	3.20702
411	3.206
412	3.20496
413	3.2039
414	3.20282
415	3.20173
416	3.20062
417	3.1995
418	3.19835
419	3.1972
420	3.19602
421	3.19483
422	3.19362
423	3.19239
424	3.19115
425	3.18989
426	3.18862
427	3.18733
428	3.18603
429	3.18471
430	3.18337
431	3.18202
432	3.18066
433	3.17928
434	3.17789
435	3.17648
436	3.17506
437	3.17362
438	3.17217
439	3.17071
440	3.16923
441	3.16774
442	3.16623
443	3.16472
444	3.16319
445	3.16164
446	3.16008
447	3.15851
448	3.15693
449	3.15534
450	3.15373
451	3.15211
452	3.15048
453	3.14883
454	3.14718
455	3.14551
456	3.14383
457	3.14214
458	3.14044
459	3.13872
460	3.137
461	3.13526
462	3.13351
463	3.13176
464	3.12999
465	3.12821
466	3.12642
467	3.12462
468	3.12281
469	3.12099
470	3.11916
471	3.11732
472	3.11547
473	3.11361
474	3.11174
475	3.10986
476	3.10797
477	3.10607
478	3.10417
479	3.10225
480	3.10033
481	3.0984
482	3.09645
483	3.0945
484	3.09255
485	3.09058
486	3.0886
487	3.08662
488	3.08463
489	3.08263
490	3.08062
491	3.07861
492	3.07659
493	3.07456
494	3.07252
495	3.07048
496	3.06843
497	3.06637
498	3.06431
499	3.06224
500	3.06016
501	3.05807
502	3.05598
503	3.05389
504	3.05178
505	3.04967
506	3.04756
507	3.04544
508	3.04331
509	3.04118
510	3.03905
511	3.0369
512	3.03475
513	3.0326
514	3.03044
515	3.02828
516	3.02611
517	3.02394
518	3.02177
519	3.01958
520	3.0174
521	3.01521
522	3.01301
523	3.01082
524	3.00861
525	3.00641
526	3.0042
527	3.00199
528	2.99977
529	2.99755
530	2.99533
531	2.9931
532	2.99087
533	2.98864
534	2.9864
535	2.98416
536	2.98192
537	2.97968
538	2.97743
539	2.97518
540	2.97293
541	2.97067
542	2.96842
543	2.96616
544	2.9639
545	2.96164
546	2.95937
547	2.95711
548	2.95484
549	2.95257
550	2.9503
551	2.94803
552	2.94576
553	2.94349
554	2.94121
555	2.93894
556	2.93666
557	2.93439
558	2.93211
559	2.92983
560	2.92755
561	2.92528
562	2.923
563	2.92072
564	2.91844
565	2.91616
566	2.91388
567	2.9116
568	2.90933
569	2.90705
570	2.90477
571	2.90249
572	2.90022
573	2.89794
574	2.89567
575	2.8934
576	2.89112
577	2.88885
578	2.88658
579	2.88432
580	2.88205
581	2.87978
582	2.87752
583	2.87526
584	2.873
585	2.87074
586	2.86848
587	2.86622
588	2.86397
589	2.86172
590	2.85947
591	2.85722
592	2.85498
593	2.85274
594	2.8505
595	2.84826
596	2.84603
597	2.8438
598	2.84157
599	2.83935
600	2.83712
601	2.8349
602	2.83269
603	2.83048
604	2.82827
605	2.82606
606	2.82386
607	2.82166
608	2.81946
609	2.81727
610	2.81508
611	2.8129
612	2.81072
613	2.80854
614	2.80637
615	2.8042
616	2.80204
617	2.79987
618	2.79772
619	2.79557
620	2.79342
621	2.79128
622	2.78914
623	2.787
624	2.78487
625	2.78275
626	2.78063
627	2.77851
628	2.7764
629	2.7743
630	2.7722
631	2.7701
632	2.76801
633	2.76593
634	2.76384
635	2.76177
636	2.7597
637	2.75764
638	2.75558
639	2.75352
640	2.75148
641	2.74943
642	2.7474
643	2.74536
644	2.74334
645	2.74132
646	2.7393
647	2.7373
648	2.73529
649	2.7333
650	2.73131
651	2.72932
652	2.72734
653	2.72537
654	2.72341
655	2.72145
656	2.71949
657	2.71755
658	2.7156
659	2.71367
660	2.71174
661	2.70982
662	2.7079
663	2.706
664	2.70409
665	2.7022
666	2.70031
667	2.69842
668	2.69655
669	2.69468
670	2.69282
671	2.69096
672	2.68911
673	2.68727
674	2.68543
675	2.6836
676	2.68178
677	2.67997
678	2.67816
679	2.67636
680	2.67456
681	2.67277
682	2.67099
683	2.66922
684	2.66745
685	2.66569
686	2.66394
687	2.66219
688	2.66046
689	2.65872
690	2.657
691	2.65528
692	2.65357
693	2.65187
694	2.65017
695	2.64849
696	2.6468
697	2.64513
698	2.64346
699	2.6418
700	2.64015
701	2.6385
702	2.63687
703	2.63524
704	2.63361
705	2.63199
706	2.63039
707	2.62878
708	2.62719
709	2.6256
710	2.62402
711	2.62245
712	2.62088
713	2.61932
714	2.61777
715	2.61623
716	2.61469
717	2.61316
718	2.61164
719	2.61012
720	2.60861
721	2.60711
722	2.60562
723	2.60413
724	2.60265
725	2.60118
726	2.59972
727	2.59826
728	2.59681
729	2.59536
730	2.59393
731	2.5925
732	2.59108
733	2.58966
734	2.58825
735	2.58685
736	2.58546
737	2.58407
738	2.58269
739	2.58132
740	2.57995
741	2.57859
742	2.57724
743	2.5759
744	2.57456
745	2.57323
746	2.5719
747	2.57059
748	2.56928
749	2.56797
750	2.56668
751	2.56539
752	2.5641
753	2.56283
754	2.56156
755	2.5603
756	2.55904
757	2.55779
758	2.55655
759	2.55531
760	2.55408
761	2.55286
762	2.55165
763	2.55044
764	2.54924
765	2.54804
766	2.54685
767	2.54567
768	2.54449
769	2.54332
770	2.54216
771	2.541
772	2.53985
773	2.53871
774	2.53757
775	2.53644
776	2.53532
777	2.5342
778	2.53309
779	2.53198
780	2.53089
781	2.52979
782	2.52871
783	2.52763
784	2.52655
785	2.52548
786	2.52442
787	2.52337
788	2.52232
789	2.52128
790	2.52024
791	2.51921
792	2.51818
793	2.51716
794	2.51615
795	2.51514
796	2.51414
797	2.51315
798	2.51216
799	2.51117
800	2.51019
801	2.50922
802	2.50826
803	2.50729
804	2.50634
805	2.50539
806	2.50445
807	2.50351
808	2.50258
809	2.50165
810	2.50073
811	2.49981
812	2.4989
813	2.498
814	2.4971
815	2.49621
816	2.49532
817	2.49444
818	2.49356
819	2.49269
820	2.49182
821	2.49096
822	2.4901
823	2.48925
824	2.4884
825	2.48756
826	2.48673
827	2.4859
828	2.48507
829	2.48425
830	2.48344
831	2.48263
832	2.48182
833	2.48102
834	2.48023
835	2.47944
836	2.47866
837	2.47788
838	2.4771
839	2.47633
840	2.47556
841	2.4748
842	2.47405
843	2.4733
844	2.47255
845	2.47181
846	2.47107
847	2.47034
848	2.46961
849	2.46889
850	2.46817
851	2.46746
852	2.46675
853	2.46604
854	2.46534
855	2.46465
856	2.46396
857	2.46327
858	2.46259
859	2.46191
860	2.46123
861	2.46056
862	2.4599
863	2.45924
864	2.45858
865	2.45793
866	2.45728
867	2.45664
868	2.456
869	2.45536
870	2.45473
871	2.4541
872	2.45348
873	2.45286
874	2.45224
875	2.45163
876	2.45102
877	2.45042
878	2.44982
879	2.44923
880	2.44863
881	2.44805
882	2.44746
883	2.44688
884	2.44631
885	2.44573
886	2.44517
887	2.4446
888	2.44404
889	2.44348
890	2.44292
891	2.44237
892	2.44182
893	2.44127
894	2.44073
895	2.44019
896	2.43965
897	2.43912
898	2.43859
899	2.43806
900	2.43754
901	2.43702
902	2.4365
903	2.43599
904	2.43548
905	2.43497
906	2.43446
907	2.43396
908	2.43346
909	2.43297
910	2.43248
911	2.43199
912	2.4315
913	2.43102
914	2.43054
915	2.43006
916	2.42959
917	2.42912
918	2.42866
919	2.4282
920	2.42775
921	2.4273
922	2.42685
923	2.4264
924	2.42596
925	2.42552
926	2.42509
927	2.42465
928	2.42422
929	2.4238
930	2.42337
931	2.42295
932	2.42253
933	2.42211
934	2.4217
935	2.42129
936	2.42088
937	2.42048
938	2.42007
939	2.41967
940	2.41928
941	2.41888
942	2.41849
943	2.4181
944	2.41772
945	2.41733
946	2.41695
947	2.41658
948	2.4162
949	2.41583
950	2.41546
951	2.41509
952	2.41472
953	2.41436
954	2.414
955	2.41364
956	2.41329
957	2.41293
958	2.41258
959	2.41224
960	2.41189
961	2.41155
962	2.41121
963	2.41087
964	2.41053
965	2.4102
966	2.40987
967	2.40954
968	2.40921
969	2.40889
970	2.40856
971	2.40824
972	2.40793
973	2.40761
974	2.4073
975	2.40699
976	2.40668
977	2.40637
978	2.40607
979	2.40576
980	2.40546
981	2.40517
982	2.40487
983	2.40458
984	2.40428
985	2.40399
986	2.40371
987	2.40342
988	2.40314
989	2.40286
990	2.40258
991	2.4023
992	2.40202
993	2.40175
994	2.40148
995	2.40121
996	2.40094
997	2.40068
998	2.40042
999	2.40015
1000	2.39989
