1	0.00800572
2	0.00044
3	0.00074115
4	0.000572445
5	0.000318478
6	0.000181278
7	0.000136645
8	0.000137292
9	0.000151295
10	0.000145775
11	0.000121698
12	9.9288e-05
13	8.80318e-05
14	8.53976e-05
15	8.40169e-05
16	7.93524e-05
17	7.19968e-05
18	6.51607e-05
19	6.11954e-05
20	5.8784e-05
21	5.66626e-05
22	5.39777e-05
23	5.07592e-05
24	4.77918e-05
25	4.57731e-05
26	4.40833e-05
27	4.22087e-05
28	4.04011e-05
29	3.85457e-05
30	3.69087e-05
31	3.55207e-05
32	3.4276e-05
33	3.30207e-05
34	3.18651e-05
35	3.06417e-05
36	2.96637e-05
37	2.86368e-05
38	2.77929e-05
39	2.68501e-05
40	2.60673e-05
41	2.5228e-05
42	2.44764e-05
43	2.38107e-05
44	2.31798e-05
45	2.24666e-05
46	2.18417e-05
47	2.12512e-05
48	2.07034e-05
49	2.01614e-05
50	1.96764e-05
51	1.91671e-05
52	1.87449e-05
53	1.82743e-05
54	1.7862e-05
55	1.74581e-05
56	1.70997e-05
57	1.66906e-05
58	1.63709e-05
59	1.60085e-05
60	1.56691e-05
61	1.53659e-05
62	1.50642e-05
63	1.47551e-05
64	1.44721e-05
65	1.42036e-05
66	1.39484e-05
67	1.36672e-05
68	1.34341e-05
69	1.31579e-05
70	1.29279e-05
71	1.26852e-05
72	1.24666e-05
73	1.2232e-05
74	1.20067e-05
75	1.18009e-05
76	1.1581e-05
77	1.13838e-05
78	1.11944e-05
79	1.0994e-05
80	1.0812e-05
81	1.06283e-05
82	1.0447e-05
83	1.02744e-05
84	1.0102e-05
85	9.93022e-06
86	9.76862e-06
87	9.61347e-06
88	9.46254e-06
89	9.31518e-06
90	9.17902e-06
91	9.0377e-06
92	8.90362e-06
93	8.77746e-06
94	8.65572e-06
95	8.53034e-06
96	8.41965e-06
97	8.30609e-06
98	8.2024e-06
99	8.09992e-06
100	8.00729e-06
101	7.90813e-06
102	7.82438e-06
103	7.73556e-06
104	7.65526e-06
105	7.57898e-06
106	7.50006e-06
107	7.42544e-06
108	7.3612e-06
109	7.29394e-06
110	7.23211e-06
111	7.17231e-06
112	7.11385e-06
113	7.05942e-06
114	7.00807e-06
115	6.95834e-06
116	6.91276e-06
117	6.86908e-06
118	6.82511e-06
119	6.78817e-06
120	6.74835e-06
121	6.71099e-06
122	6.67647e-06
123	6.64334e-06
124	6.6119e-06
125	6.57917e-06
126	6.55149e-06
127	6.52323e-06
128	6.49752e-06
129	6.47179e-06
130	6.44792e-06
131	6.42403e-06
132	6.40073e-06
133	6.37657e-06
134	6.35555e-06
135	6.33421e-06
136	6.31627e-06
137	6.29971e-06
138	6.28461e-06
139	6.26816e-06
140	6.25392e-06
141	6.24195e-06
142	6.22765e-06
143	6.2141e-06
144	6.20065e-06
145	6.18939e-06
146	6.17439e-06
147	6.1609e-06
148	6.14696e-06
149	6.13487e-06
150	6.12358e-06
151	6.11129e-06
152	6.10166e-06
153	6.09038e-06
154	6.08214e-06
155	6.06945e-06
156	6.06041e-06
157	6.04722e-06
158	6.03542e-06
159	6.023e-06
160	6.01163e-06
161	5.99901e-06
162	5.98779e-06
163	5.97371e-06
164	5.96183e-06
165	5.95094e-06
166	5.94039e-06
167	5.92781e-06
168	5.91525e-06
169	5.90173e-06
170	5.88862e-06
171	5.87614e-06
172	5.86424e-06
173	5.85182e-06
174	5.84059e-06
175	5.8269e-06
176	5.81036e-06
177	5.79573e-06
178	5.78223e-06
179	5.76529e-06
180	5.7498e-06
181	5.73439e-06
182	5.71672e-06
183	5.70138e-06
184	5.68642e-06
185	5.67086e-06
186	5.65459e-06
187	5.64001e-06
188	5.62412e-06
189	5.6089e-06
190	5.59217e-06
191	5.57462e-06
192	5.55944e-06
193	5.54079e-06
194	5.52455e-06
195	5.50677e-06
196	5.49023e-06
197	5.47143e-06
198	5.45445e-06
199	5.43588e-06
200	5.4187e-06
201	5.39748e-06
202	5.38173e-06
203	5.36178e-06
204	5.3436e-06
205	5.32339e-06
206	5.30312e-06
207	5.28263e-06
208	5.2633e-06
209	5.2422e-06
210	5.22202e-06
211	5.20142e-06
212	5.17999e-06
213	5.15866e-06
214	5.138e-06
215	5.11702e-06
216	5.09627e-06
217	5.07443e-06
218	5.0527e-06
219	5.03249e-06
220	5.01093e-06
221	4.98971e-06
222	4.96713e-06
223	4.94614e-06
224	4.92658e-06
225	4.9036e-06
226	4.88235e-06
227	4.86176e-06
228	4.83801e-06
229	4.81668e-06
230	4.79496e-06
231	4.77183e-06
232	4.74891e-06
233	4.72528e-06
234	4.70343e-06
235	4.67878e-06
236	4.65811e-06
237	4.63444e-06
238	4.61223e-06
239	4.58794e-06
240	4.56569e-06
241	4.54147e-06
242	4.51823e-06
243	4.49447e-06
244	4.47303e-06
245	4.44889e-06
246	4.42502e-06
247	4.40387e-06
248	4.37902e-06
249	4.35695e-06
250	4.33209e-06
251	4.30875e-06
252	4.2843e-06
253	4.26019e-06
254	4.23475e-06
255	4.21135e-06
256	4.18903e-06
257	4.16427e-06
258	4.14072e-06
259	4.11342e-06
260	4.0914e-06
261	4.0654e-06
262	4.03865e-06
263	4.01771e-06
264	3.99021e-06
265	3.96695e-06
266	3.94309e-06
267	3.91702e-06
268	3.89357e-06
269	3.87037e-06
270	3.84361e-06
271	3.82178e-06
272	3.79734e-06
273	3.7741e-06
274	3.7505e-06
275	3.72329e-06
276	3.70267e-06
277	3.67809e-06
278	3.65788e-06
279	3.63367e-06
280	3.61288e-06
281	3.58851e-06
282	3.56824e-06
283	3.54452e-06
284	3.52209e-06
285	3.50102e-06
286	3.4777e-06
287	3.45717e-06
288	3.43438e-06
289	3.41393e-06
290	3.39122e-06
291	3.36996e-06
292	3.3474e-06
293	3.32561e-06
294	3.3034e-06
295	3.28386e-06
296	3.26019e-06
297	3.23859e-06
298	3.21863e-06
299	3.19532e-06
300	3.17481e-06
301	3.15505e-06
302	3.13246e-06
303	3.11208e-06
304	3.08978e-06
305	3.0686e-06
306	3.04942e-06
307	3.02818e-06
308	3.00797e-06
309	2.98765e-06
310	2.96764e-06
311	2.94502e-06
312	2.92804e-06
313	2.90764e-06
314	2.88778e-06
315	2.86819e-06
316	2.84882e-06
317	2.82877e-06
318	2.81287e-06
319	2.79166e-06
320	2.77476e-06
321	2.75449e-06
322	2.73945e-06
323	2.7216e-06
324	2.70112e-06
325	2.68422e-06
326	2.66883e-06
327	2.6488e-06
328	2.63321e-06
329	2.61662e-06
330	2.5992e-06
331	2.58368e-06
332	2.56942e-06
333	2.55299e-06
334	2.53658e-06
335	2.52163e-06
336	2.50542e-06
337	2.49157e-06
338	2.47609e-06
339	2.46167e-06
340	2.44821e-06
341	2.4337e-06
342	2.41968e-06
343	2.40555e-06
344	2.39116e-06
345	2.37947e-06
346	2.36557e-06
347	2.35283e-06
348	2.33967e-06
349	2.32871e-06
350	2.31549e-06
351	2.30354e-06
352	2.28964e-06
353	2.27857e-06
354	2.26592e-06
355	2.25469e-06
356	2.24299e-06
357	2.23115e-06
358	2.21853e-06
359	2.20684e-06
360	2.1951e-06
361	2.18383e-06
362	2.17283e-06
363	2.16131e-06
364	2.15214e-06
365	2.13997e-06
366	2.12982e-06
367	2.11845e-06
368	2.10787e-06
369	2.09602e-06
370	2.08556e-06
371	2.07547e-06
372	2.06485e-06
373	2.05459e-06
374	2.04391e-06
375	2.03323e-06
376	2.0233e-06
377	2.01256e-06
378	2.00418e-06
379	1.99249e-06
380	1.9835e-06
381	1.97263e-06
382	1.96262e-06
383	1.95355e-06
384	1.9433e-06
385	1.9334e-06
386	1.92385e-06
387	1.91516e-06
388	1.9049e-06
389	1.89562e-06
390	1.88573e-06
391	1.87578e-06
392	1.8672e-06
393	1.85806e-06
394	1.84819e-06
395	1.83859e-06
396	1.8279e-06
397	1.82034e-06
398	1.81058e-06
399	1.79959e-06
400	1.79252e-06
401	1.78185e-06
402	1.7731e-06
403	1.76376e-06
404	1.75619e-06
405	1.74572e-06
406	1.73641e-06
407	1.72762e-06
408	1.71863e-06
409	1.70879e-06
410	1.70086e-06
411	1.69124e-06
412	1.68221e-06
413	1.67245e-06
414	1.66323e-06
415	1.65333e-06
416	1.64587e-06
417	1.6351e-06
418	1.62731e-06
419	1.61758e-06
420	1.60975e-06
421	1.59983e-06
422	1.59137e-06
423	1.58242e-06
424	1.57432e-06
425	1.56404e-06
426	1.55694e-06
427	1.54799e-06
428	1.53987e-06
429	1.53031e-06
430	1.52297e-06
431	1.51401e-06
432	1.50589e-06
433	1.49864e-06
434	1.48953e-06
435	1.48178e-06
436	1.47372e-06
437	1.46569e-06
438	1.45763e-06
439	1.45016e-06
440	1.44151e-06
441	1.43384e-06
442	1.42645e-06
443	1.41908e-06
444	1.41139e-06
445	1.40334e-06
446	1.39579e-06
447	1.38844e-06
448	1.38105e-06
449	1.37388e-06
450	1.3662e-06
451	1.35902e-06
452	1.35125e-06
453	1.34435e-06
454	1.33722e-06
455	1.32987e-06
456	1.3228e-06
457	1.31525e-06
458	1.30734e-06
459	1.30139e-06
460	1.29407e-06
461	1.28771e-06
462	1.27953e-06
463	1.27304e-06
464	1.26669e-06
465	1.25916e-06
466	1.2523e-06
467	1.24561e-06
468	1.23955e-06
469	1.23242e-06
470	1.22625e-06
471	1.21876e-06
472	1.21295e-06
473	1.20645e-06
474	1.20081e-06
475	1.19255e-06
476	1.18711e-06
477	1.18068e-06
478	1.17424e-06
479	1.16776e-06
480	1.16157e-06
481	1.15419e-06
482	1.149e-06
483	1.14223e-06
484	1.13625e-06
485	1.13001e-06
486	1.12386e-06
487	1.11761e-06
488	1.11231e-06
489	1.10566e-06
490	1.10068e-06
491	1.09464e-06
492	1.08894e-06
493	1.0831e-06
494	1.07704e-06
495	1.07189e-06
496	1.06503e-06
497	1.06075e-06
498	1.05424e-06
499	1.05001e-06
500	1.04333e-06
501	1.03935e-06
502	1.03291e-06
503	1.02806e-06
504	1.02276e-06
505	1.01693e-06
506	1.0126e-06
507	1.00711e-06
508	1.00146e-06
509	9.96974e-07
510	9.9142e-07
511	9.8648e-07
512	9.81878e-07
513	9.76894e-07
514	9.71511e-07
515	9.67306e-07
516	9.61683e-07
517	9.5694e-07
518	9.52147e-07
519	9.47554e-07
520	9.43011e-07
521	9.38926e-07
522	9.34045e-07
523	9.29429e-07
524	9.24598e-07
525	9.19972e-07
526	9.16172e-07
527	9.11791e-07
528	9.07049e-07
529	9.02616e-07
530	8.97105e-07
531	8.94539e-07
532	8.89588e-07
533	8.85239e-07
534	8.80427e-07
535	8.77632e-07
536	8.7192e-07
537	8.69255e-07
538	8.63445e-07
539	8.60519e-07
540	8.55394e-07
541	8.51675e-07
542	8.46244e-07
543	8.43872e-07
544	8.38523e-07
545	8.34978e-07
546	8.29723e-07
547	8.26589e-07
548	8.22216e-07
549	8.1859e-07
550	8.13769e-07
551	8.10321e-07
552	8.06395e-07
553	8.02492e-07
554	7.9788e-07
555	7.94902e-07
556	7.90253e-07
557	7.8698e-07
558	7.82455e-07
559	7.78936e-07
560	7.74251e-07
561	7.71493e-07
562	7.67182e-07
563	7.63877e-07
564	7.59796e-07
565	7.55882e-07
566	7.52802e-07
567	7.48357e-07
568	7.44669e-07
569	7.41736e-07
570	7.38016e-07
571	7.34102e-07
572	7.30925e-07
573	7.27485e-07
574	7.23786e-07
575	7.20373e-07
576	7.16657e-07
577	7.12803e-07
578	7.09786e-07
579	7.05569e-07
580	7.02412e-07
581	6.98828e-07
582	6.95451e-07
583	6.91914e-07
584	6.89267e-07
585	6.85565e-07
586	6.82765e-07
587	6.78931e-07
588	6.76035e-07
589	6.7202e-07
590	6.69593e-07
591	6.66011e-07
592	6.63466e-07
593	6.59312e-07
594	6.56926e-07
595	6.5297e-07
596	6.50622e-07
597	6.47052e-07
598	6.43788e-07
599	6.40724e-07
600	6.38377e-07
601	6.34139e-07
602	6.31803e-07
603	6.28658e-07
604	6.25555e-07
605	6.2186e-07
606	6.20037e-07
607	6.15791e-07
608	6.13424e-07
609	6.10101e-07
610	6.06745e-07
611	6.03949e-07
612	6.01127e-07
613	5.97519e-07
614	5.94832e-07
615	5.92204e-07
616	5.89638e-07
617	5.85774e-07
618	5.83534e-07
619	5.80772e-07
620	5.76918e-07
621	5.75515e-07
622	5.71234e-07
623	5.68882e-07
624	5.65635e-07
625	5.6302e-07
626	5.60024e-07
627	5.57441e-07
628	5.54418e-07
629	5.51203e-07
630	5.48604e-07
631	5.45481e-07
632	5.42776e-07
633	5.40384e-07
634	5.36898e-07
635	5.34526e-07
636	5.32128e-07
637	5.28449e-07
638	5.26209e-07
639	5.23647e-07
640	5.20259e-07
641	5.17828e-07
642	5.15143e-07
643	5.12339e-07
644	5.09814e-07
645	5.07312e-07
646	5.04106e-07
647	5.01915e-07
648	4.99112e-07
649	4.96082e-07
650	4.93249e-07
651	4.91456e-07
652	4.88258e-07
653	4.85356e-07
654	4.83581e-07
655	4.80527e-07
656	4.78236e-07
657	4.75718e-07
658	4.72881e-07
659	4.70381e-07
660	4.68336e-07
661	4.65457e-07
662	4.62717e-07
663	4.60989e-07
664	4.57911e-07
665	4.55345e-07
666	4.52877e-07
667	4.50653e-07
668	4.48252e-07
669	4.45508e-07
670	4.43482e-07
671	4.40872e-07
672	4.38466e-07
673	4.35848e-07
674	4.33242e-07
675	4.31868e-07
676	4.28345e-07
677	4.26234e-07
678	4.2476e-07
679	4.22169e-07
680	4.19492e-07
681	4.17534e-07
682	4.1409e-07
683	4.12764e-07
684	4.10105e-07
685	4.07372e-07
686	4.05433e-07
687	4.0319e-07
688	4.01051e-07
689	3.98815e-07
690	3.96578e-07
691	3.94335e-07
692	3.92292e-07
693	3.90341e-07
694	3.87699e-07
695	3.85508e-07
696	3.8347e-07
697	3.81241e-07
698	3.79023e-07
699	3.77141e-07
700	3.74884e-07
701	3.72566e-07
702	3.70911e-07
703	3.68645e-07
704	3.66514e-07
705	3.64358e-07
706	3.62887e-07
707	3.60112e-07
708	3.58897e-07
709	3.55964e-07
710	3.54516e-07
711	3.52386e-07
712	3.50506e-07
713	3.48061e-07
714	3.46219e-07
715	3.43905e-07
716	3.42409e-07
717	3.40323e-07
718	3.38213e-07
719	3.36135e-07
720	3.34647e-07
721	3.3232e-07
722	3.30648e-07
723	3.28487e-07
724	3.27221e-07
725	3.24168e-07
726	3.23076e-07
727	3.20948e-07
728	3.18905e-07
729	3.17171e-07
730	3.15564e-07
731	3.13119e-07
732	3.11732e-07
733	3.09846e-07
734	3.07803e-07
735	3.05981e-07
736	3.04514e-07
737	3.02484e-07
738	3.00617e-07
739	2.98804e-07
740	2.97074e-07
741	2.95141e-07
742	2.93293e-07
743	2.91545e-07
744	2.89861e-07
745	2.88086e-07
746	2.86374e-07
747	2.84924e-07
748	2.8308e-07
749	2.81185e-07
750	2.79667e-07
751	2.78064e-07
752	2.76118e-07
753	2.74456e-07
754	2.72618e-07
755	2.71347e-07
756	2.69512e-07
757	2.67892e-07
758	2.66293e-07
759	2.64476e-07
760	2.62597e-07
761	2.61239e-07
762	2.59596e-07
763	2.57818e-07
764	2.56316e-07
765	2.54917e-07
766	2.53183e-07
767	2.51357e-07
768	2.504e-07
769	2.48144e-07
770	2.46863e-07
771	2.45239e-07
772	2.43886e-07
773	2.42039e-07
774	2.40635e-07
775	2.38968e-07
776	2.37699e-07
777	2.35775e-07
778	2.34427e-07
779	2.32882e-07
780	2.31322e-07
781	2.29684e-07
782	2.28502e-07
783	2.26472e-07
784	2.25521e-07
785	2.23742e-07
786	2.22555e-07
787	2.2074e-07
788	2.19342e-07
789	2.17649e-07
790	2.16458e-07
791	2.14719e-07
792	2.1335e-07
793	2.12144e-07
794	2.10499e-07
795	2.09052e-07
796	2.07662e-07
797	2.06069e-07
798	2.04382e-07
799	2.0349e-07
800	2.01899e-07
801	2.00669e-07
802	1.99222e-07
803	1.97615e-07
804	1.96421e-07
805	1.95073e-07
806	1.93696e-07
807	1.92174e-07
808	1.91004e-07
809	1.89569e-07
810	1.88088e-07
811	1.87192e-07
812	1.85572e-07
813	1.84346e-07
814	1.8314e-07
815	1.81805e-07
816	1.80339e-07
817	1.79278e-07
818	1.7793e-07
819	1.76838e-07
820	1.75596e-07
821	1.74265e-07
822	1.72849e-07
823	1.71823e-07
824	1.70553e-07
825	1.69306e-07
826	1.68207e-07
827	1.6696e-07
828	1.65659e-07
829	1.64574e-07
830	1.63295e-07
831	1.6246e-07
832	1.61008e-07
833	1.59907e-07
834	1.58851e-07
835	1.57783e-07
836	1.5665e-07
837	1.55347e-07
838	1.54349e-07
839	1.53077e-07
840	1.52032e-07
841	1.50865e-07
842	1.49767e-07
843	1.48802e-07
844	1.47561e-07
845	1.4657e-07
846	1.45441e-07
847	1.44376e-07
848	1.43342e-07
849	1.42154e-07
850	1.41524e-07
851	1.40002e-07
852	1.39143e-07
853	1.38176e-07
854	1.3714e-07
855	1.36062e-07
856	1.35325e-07
857	1.3391e-07
858	1.33172e-07
859	1.32141e-07
860	1.31314e-07
861	1.30245e-07
862	1.29469e-07
863	1.2808e-07
864	1.27521e-07
865	1.26337e-07
866	1.25618e-07
867	1.24513e-07
868	1.23549e-07
869	1.22781e-07
870	1.22011e-07
871	1.20925e-07
872	1.20061e-07
873	1.19265e-07
874	1.18319e-07
875	1.17196e-07
876	1.16849e-07
877	1.15563e-07
878	1.14745e-07
879	1.13927e-07
880	1.13039e-07
881	1.12235e-07
882	1.11535e-07
883	1.10494e-07
884	1.0981e-07
885	1.0887e-07
886	1.08156e-07
887	1.07104e-07
888	1.06805e-07
889	1.05614e-07
890	1.05106e-07
891	1.04298e-07
892	1.03624e-07
893	1.02663e-07
894	1.02339e-07
895	1.01286e-07
896	1.00639e-07
897	1.00071e-07
898	9.93853e-08
899	9.85518e-08
900	9.80144e-08
901	9.71495e-08
902	9.66493e-08
903	9.60839e-08
904	9.55428e-08
905	9.4318e-08
906	9.43075e-08
907	9.31534e-08
908	9.24458e-08
909	9.20143e-08
910	9.13482e-08
911	9.04115e-08
912	9.00345e-08
913	8.91555e-08
914	8.88438e-08
915	8.77322e-08
916	8.73434e-08
917	8.63175e-08
918	9.96903e-07
919	9.83057e-07
920	9.77193e-07
921	9.68517e-07
922	9.61255e-07
923	9.52e-07
924	9.47268e-07
925	9.37497e-07
926	9.31013e-07
927	9.25212e-07
928	9.16717e-07
929	9.10067e-07
930	9.0416e-07
931	8.9675e-07
932	8.89244e-07
933	8.83862e-07
934	8.76772e-07
935	8.70106e-07
936	8.63742e-07
937	8.56493e-07
938	8.5106e-07
939	8.44613e-07
940	8.36998e-07
941	8.32347e-07
942	8.25712e-07
943	8.19054e-07
944	8.13549e-07
945	8.07294e-07
946	8.01398e-07
947	7.95909e-07
948	7.88605e-07
949	7.83177e-07
950	7.77056e-07
951	7.70995e-07
952	7.64852e-07
953	7.59763e-07
954	7.53826e-07
955	7.48169e-07
956	7.42085e-07
957	7.36243e-07
958	7.3117e-07
959	7.26079e-07
960	7.20342e-07
961	7.14481e-07
962	7.08689e-07
963	7.04888e-07
964	6.97747e-07
965	6.92734e-07
966	6.878e-07
967	6.83314e-07
968	6.768e-07
969	6.72179e-07
970	6.66583e-07
971	6.60766e-07
972	6.57197e-07
973	6.50363e-07
974	6.45728e-07
975	6.4205e-07
976	6.35836e-07
977	6.31144e-07
978	6.25779e-07
979	6.21691e-07
980	6.16056e-07
981	6.11939e-07
982	6.06504e-07
983	6.01346e-07
984	5.97291e-07
985	5.92814e-07
986	5.87185e-07
987	5.83551e-07
988	5.77334e-07
989	5.73819e-07
990	5.68863e-07
991	5.64804e-07
992	5.59359e-07
993	5.56216e-07
994	5.50212e-07
995	5.47006e-07
996	5.42036e-07
997	5.38256e-07
998	5.33236e-07
999	5.30155e-07
1000	5.25211e-07
