1	1
2	0.0316828
3	0.0094407
4	0.0239545
5	0.195647
6	0.0246696
7	0.0365405
8	0.0932575
9	0.0284532
10	0.0435948
11	0.0869547
12	0.0388851
13	0.0745044
14	0.0741907
15	0.0439955
16	0.0922002
17	0.0982388
18	0.0691106
19	0.260417
20	0.0835026
21	0.0715684
22	0.178371
23	0.165298
24	0.166574
25	0.24657
26	0.101602
27	0.104427
28	0.195936
29	0.491074
30	0.326843
31	0.145063
32	0.105417
33	0.110418
34	0.141234
35	0.160367
36	0.131838
37	0.10067
38	0.0879247
39	0.0876877
40	0.090691
41	0.0873989
42	0.0777207
43	0.0686921
44	0.0631555
45	0.0603425
46	0.0579036
47	0.0534335
48	0.0480976
49	0.0447174
50	0.0421707
51	0.0392315
52	0.0363851
53	0.0336673
54	0.0306246
55	0.0277413
56	0.0261695
57	0.0249941
58	0.0231933
59	0.0208488
60	0.0191657
61	0.0177926
62	0.0162646
63	0.014808
64	0.0140724
65	0.0133997
66	0.0123808
67	0.0111968
68	0.0105304
69	0.0100869
70	0.00953402
71	0.00891344
72	0.00855664
73	0.00835568
74	0.00808986
75	0.00771995
76	0.00740883
77	0.00725169
78	0.00712195
79	0.00695759
80	0.00679545
81	0.00670783
82	0.00664885
83	0.00657499
84	0.00648326
85	0.00639536
86	0.00632713
87	0.00628678
88	0.00625045
89	0.00621367
90	0.00617054
91	0.00612929
92	0.0060958
93	0.00607336
94	0.00604696
95	0.00602358
96	0.00599496
97	0.00597394
98	0.00595993
99	0.00593826
100	0.00592756
101	0.00591272
102	0.00590253
103	0.00588812
104	0.00587093
105	0.00584682
106	0.00581822
107	0.00578605
108	0.00576851
109	0.0057556
110	0.00574218
111	0.0057304
112	0.00571846
113	0.00570295
114	0.00568814
115	0.00567491
116	0.00565944
117	0.00564247
118	0.00562975
119	0.0056189
120	0.00560778
121	0.00558712
122	0.00556773
123	0.00555225
124	0.00554062
125	0.00552956
126	0.00551871
127	0.00550647
128	0.00549364
129	0.00548333
130	0.00547205
131	0.00545856
132	0.00544121
133	0.00543224
134	0.00542773
135	0.0054249
136	0.00541554
137	0.00540632
138	0.00540211
139	0.00540286
140	0.00540362
141	0.00540509
142	0.00540344
143	0.00539774
144	0.00539056
145	0.00538506
146	0.00538714
147	0.00539046
148	0.00539415
149	0.0053942
150	0.00539521
151	0.00539719
152	0.00539648
153	0.00540503
154	0.0054144
155	0.00542262
156	0.00542637
157	0.00543365
158	0.0054407
159	0.00545102
160	0.00546211
161	0.00547073
162	0.00547903
163	0.0054947
164	0.00550834
165	0.00552316
166	0.005535
167	0.00555103
168	0.00556231
169	0.00557238
170	0.00558044
171	0.00558384
172	0.00558707
173	0.00559114
174	0.00559997
175	0.00560898
176	0.00562194
177	0.00563534
178	0.00564695
179	0.00565803
180	0.00567001
181	0.00568285
182	0.00569279
183	0.00570142
184	0.00570664
185	0.00571373
186	0.00572012
187	0.00572652
188	0.00573053
189	0.00573923
190	0.00574382
191	0.00575151
192	0.0057565
193	0.0057609
194	0.00576628
195	0.00577229
196	0.00578187
197	0.00579373
198	0.00580204
199	0.0058076
200	0.00581722
201	0.00582679
202	0.00583572
203	0.00584508
204	0.00585509
205	0.00586419
206	0.0058666
207	0.00586915
208	0.0058748
209	0.00589138
210	0.0059072
211	0.0059255
212	0.0059383
213	0.00594872
214	0.00596138
215	0.00597842
216	0.00599289
217	0.00601041
218	0.0060284
219	0.00604462
220	0.00605999
221	0.00607802
222	0.00609669
223	0.00611742
224	0.00613975
225	0.00616121
226	0.00618284
227	0.00621094
228	0.00623305
229	0.0062581
230	0.00628215
231	0.00630729
232	0.00632849
233	0.00635051
234	0.00637951
235	0.00640826
236	0.00643838
237	0.00646529
238	0.00649371
239	0.00651976
240	0.00655114
241	0.00658615
242	0.00662047
243	0.00665978
244	0.00669526
245	0.00672989
246	0.00676174
247	0.00679555
248	0.00683155
249	0.00686958
250	0.00690873
251	0.00695015
252	0.0069921
253	0.00703509
254	0.00707717
255	0.00711734
256	0.0071588
257	0.00720138
258	0.00724733
259	0.00729387
260	0.00733873
261	0.00738177
262	0.00742593
263	0.00747929
264	0.00753155
265	0.00759315
266	0.00765563
267	0.00771768
268	0.00777321
269	0.00782889
270	0.00788367
271	0.00794458
272	0.00800311
273	0.00806633
274	0.00813261
275	0.00819391
276	0.0082659
277	0.008345
278	0.00842707
279	0.00850245
280	0.00857846
281	0.00866086
282	0.00874046
283	0.00881975
284	0.00890014
285	0.00898578
286	0.00907809
287	0.00917571
288	0.00926952
289	0.00936481
290	0.0094624
291	0.00957198
292	0.00968852
293	0.0098116
294	0.00988257
295	0.00981962
296	0.00967596
297	0.00947204
298	0.00924706
299	0.00901715
300	0.00879454
301	0.00857548
302	0.00836451
303	0.00816564
304	0.0079779
305	0.0077971
306	0.00762527
307	0.00745898
308	0.00730216
309	0.00715161
310	0.00700876
311	0.00687102
312	0.00673858
313	0.006613
314	0.00648715
315	0.0063673
316	0.00625295
317	0.00614128
318	0.00603245
319	0.00593109
320	0.00583451
321	0.00573707
322	0.00563879
323	0.00554604
324	0.00545465
325	0.00536259
326	0.00528082
327	0.00519878
328	0.00511624
329	0.00504081
330	0.00496759
331	0.00489596
332	0.00482574
333	0.00475679
334	0.00469238
335	0.00462591
336	0.00456129
337	0.00449932
338	0.00443821
339	0.0043773
340	0.00431658
341	0.00425598
342	0.00419723
343	0.00414264
344	0.00408976
345	0.0040373
346	0.00398761
347	0.00393569
348	0.0038864
349	0.00383679
350	0.00379086
351	0.00374483
352	0.00369787
353	0.00365378
354	0.00361105
355	0.00356914
356	0.00352901
357	0.00348702
358	0.00344575
359	0.00340607
360	0.00336794
361	0.00332846
362	0.00328877
363	0.00325129
364	0.0032133
365	0.00317456
366	0.00313791
367	0.00310196
368	0.00306647
369	0.00303217
370	0.00299771
371	0.00296418
372	0.0029313
373	0.0028963
374	0.00286353
375	0.00283227
376	0.00280111
377	0.00276757
378	0.00273398
379	0.00270505
380	0.00267614
381	0.00264586
382	0.00261649
383	0.00258804
384	0.00255954
385	0.00253135
386	0.00250143
387	0.00247429
388	0.00244868
389	0.00242341
390	0.00239778
391	0.00237121
392	0.00234483
393	0.00231871
394	0.00229596
395	0.0022721
396	0.00224755
397	0.00222283
398	0.00219989
399	0.00217745
400	0.00215441
401	0.00213092
402	0.00210742
403	0.00208352
404	0.00206098
405	0.00203934
406	0.00201903
407	0.00199854
408	0.00197847
409	0.00195885
410	0.00193867
411	0.00192433
412	0.00190843
413	0.00189052
414	0.0018715
415	0.00185286
416	0.00183488
417	0.00181751
418	0.00179916
419	0.00178099
420	0.00176358
421	0.00174851
422	0.00173262
423	0.00171882
424	0.0017044
425	0.00168953
426	0.00167364
427	0.0016587
428	0.00164378
429	0.00162894
430	0.00161574
431	0.001602
432	0.00158838
433	0.00157539
434	0.00156213
435	0.0015488
436	0.00153479
437	0.00152239
438	0.00150982
439	0.00149705
440	0.0014852
441	0.00147182
442	0.00145952
443	0.00144806
444	0.00143786
445	0.00142738
446	0.00141581
447	0.00140556
448	0.00139502
449	0.00138321
450	0.0013727
451	0.0013618
452	0.00135134
453	0.00134105
454	0.00133104
455	0.00131973
456	0.00131136
457	0.00130327
458	0.00129352
459	0.00128444
460	0.00127553
461	0.00126597
462	0.00125761
463	0.00125037
464	0.00124385
465	0.00123491
466	0.0012278
467	0.00121983
468	0.00121362
469	0.00120603
470	0.00120016
471	0.00119236
472	0.00118687
473	0.00118056
474	0.00117357
475	0.00116676
476	0.00116099
477	0.00115464
478	0.00114844
479	0.00114116
480	0.00113448
481	0.00115109
482	0.00114516
483	0.00112837
484	0.00111912
485	0.00111121
486	0.00110445
487	0.00109802
488	0.00109181
489	0.0010854
490	0.00108039
491	0.00107392
492	0.00106838
493	0.00106381
494	0.00105894
495	0.00105363
496	0.00104747
497	0.001042
498	0.00103801
499	0.00103417
500	0.00102951
501	0.00102483
502	0.00102082
503	0.00101784
504	0.00101339
505	0.0010093
506	0.00100531
507	0.00100137
508	0.00099637
509	0.000991674
510	0.000987051
511	0.000983447
512	0.000978905
513	0.000974373
514	0.000970619
515	0.000968895
516	0.000965681
517	0.000962432
518	0.000959468
519	0.000954861
520	0.000951195
521	0.000946892
522	0.000941687
523	0.000936924
524	0.000932671
525	0.000927983
526	0.000924486
527	0.000921531
528	0.000917722
529	0.000915702
530	0.000912961
531	0.000909627
532	0.000907244
533	0.000905778
534	0.000902669
535	0.000897573
536	0.000893986
537	0.00089058
538	0.000886353
539	0.000881832
540	0.000878371
541	0.000876693
542	0.000872602
543	0.00086999
544	0.000866974
545	0.000864217
546	0.000860728
547	0.000858191
548	0.00085491
549	0.000851656
550	0.000849603
551	0.000847133
552	0.000845224
553	0.000842794
554	0.000839235
555	0.000835828
556	0.000831819
557	0.000827798
558	0.000823701
559	0.000820336
560	0.000817737
561	0.000815064
562	0.000812773
563	0.000810631
564	0.000807672
565	0.000804707
566	0.000802312
567	0.000799899
568	0.000797426
569	0.000795335
570	0.000791671
571	0.000788376
572	0.000785287
573	0.000783722
574	0.000781504
575	0.000779295
576	0.000776849
577	0.000774298
578	0.000771134
579	0.000767901
580	0.00076541
581	0.000761854
582	0.000758819
583	0.000755819
584	0.000753306
585	0.000750488
586	0.000747972
587	0.000745442
588	0.000743709
589	0.000740501
590	0.0007387
591	0.000736882
592	0.00073364
593	0.000731197
594	0.000728706
595	0.000726652
596	0.000724592
597	0.000722119
598	0.000719717
599	0.000717543
600	0.000714094
601	0.000711426
602	0.000708757
603	0.00070657
604	0.000703736
605	0.000702539
606	0.000700329
607	0.000699021
608	0.000696507
609	0.00069434
610	0.000690856
611	0.000687785
612	0.000684449
613	0.000681853
614	0.000679212
615	0.000676894
616	0.000675004
617	0.000673544
618	0.000671168
619	0.0007023
620	0.000700173
621	0.000682247
622	0.000674167
623	0.000669212
624	0.000662269
625	0.000658291
626	0.000657513
627	0.0006555
628	0.000653361
629	0.000649355
630	0.000645923
631	0.000643055
632	0.000640551
633	0.00063787
634	0.000635024
635	0.000633033
636	0.000630736
637	0.000629167
638	0.000628154
639	0.000625817
640	0.000623869
641	0.000621255
642	0.000618173
643	0.000615896
644	0.000613767
645	0.000612377
646	0.000610037
647	0.000607787
648	0.000605802
649	0.000604443
650	0.00060289
651	0.000600561
652	0.000598208
653	0.000595656
654	0.000594662
655	0.000591329
656	0.000589398
657	0.000586891
658	0.000584334
659	0.000582484
660	0.000580471
661	0.000578301
662	0.000575745
663	0.00057383
664	0.000571075
665	0.000569741
666	0.000568832
667	0.000567125
668	0.0005648
669	0.000562645
670	0.000560756
671	0.000557852
672	0.000555446
673	0.000552607
674	0.000550646
675	0.000548221
676	0.000547308
677	0.000546072
678	0.000543327
679	0.00054134
680	0.000539143
681	0.000536873
682	0.000534961
683	0.000534026
684	0.00053134
685	0.000530171
686	0.000528971
687	0.000526302
688	0.000523472
689	0.000521065
690	0.000520512
691	0.000517471
692	0.000515682
693	0.000514245
694	0.000511739
695	0.00050893
696	0.000506078
697	0.000504649
698	0.000502269
699	0.000500761
700	0.000498096
701	0.000496031
702	0.000493924
703	0.000491864
704	0.000490077
705	0.000488236
706	0.000486224
707	0.000484029
708	0.00048217
709	0.000479671
710	0.00047788
711	0.000476192
712	0.000474285
713	0.000472199
714	0.000470338
715	0.000468828
716	0.000466568
717	0.000464572
718	0.000461989
719	0.000459301
720	0.000457132
721	0.000455021
722	0.000453007
723	0.000450576
724	0.000448951
725	0.000446909
726	0.000444935
727	0.000442589
728	0.0004406
729	0.000438649
730	0.000436197
731	0.00043426
732	0.000432446
733	0.000430036
734	0.000428264
735	0.000426248
736	0.000476627
737	0.000475567
738	0.000448621
739	0.00043517
740	0.00042939
741	0.000421438
742	0.000415436
743	0.000412533
744	0.000411012
745	0.000407491
746	0.000404399
747	0.00040134
748	0.000397934
749	0.000396384
750	0.000393828
751	0.000391515
752	0.000389564
753	0.000387567
754	0.000385161
755	0.000383039
756	0.000381681
757	0.000378713
758	0.000376291
759	0.000374511
760	0.000372181
761	0.000370528
762	0.000367949
763	0.000366834
764	0.000365219
765	0.000363455
766	0.000360666
767	0.000358771
768	0.000357069
769	0.000355315
770	0.000353202
771	0.000351455
772	0.000349528
773	0.000347616
774	0.000346093
775	0.000343996
776	0.000341772
777	0.000340519
778	0.00033932
779	0.000337524
780	0.000335059
781	0.000333361
782	0.00033077
783	0.000329156
784	0.000328243
785	0.00032547
786	0.000324409
787	0.000322358
788	0.000320853
789	0.000318817
790	0.000316322
791	0.000313983
792	0.0003122
793	0.000310687
794	0.00030927
795	0.000307227
796	0.000305022
797	0.00030316
798	0.000301986
799	0.000300784
800	0.000298764
801	0.000296877
802	0.000294554
803	0.000292801
804	0.000290372
805	0.000289887
806	0.000288159
807	0.000286912
808	0.000285546
809	0.000283592
810	0.000281522
811	0.000279364
812	0.0002773
813	0.000275826
814	0.000274606
815	0.000272958
816	0.000270688
817	0.000269516
818	0.000268056
819	0.000266539
820	0.000264692
821	0.000263582
822	0.000262136
823	0.000260417
824	0.000258768
825	0.000256967
826	0.000255015
827	0.000253305
828	0.000251911
829	0.000251149
830	0.000249638
831	0.000248639
832	0.000246363
833	0.000244462
834	0.000242823
835	0.000241325
836	0.000240425
837	0.000238817
838	0.00023694
839	0.000234695
840	0.000233246
841	0.000231538
842	0.000230049
843	0.00022794
844	0.000226367
845	0.000225494
846	0.00022438
847	0.000223427
848	0.000312901
849	0.000312602
850	0.000272196
851	0.000255086
852	0.000248238
853	0.00023847
854	0.00023042
855	0.00022719
856	0.000224124
857	0.000220572
858	0.000216297
859	0.000213493
860	0.000210431
861	0.000208672
862	0.000206306
863	0.000203653
864	0.000201335
865	0.000199669
866	0.000198109
867	0.000196805
868	0.000195796
869	0.000193506
870	0.000192015
871	0.000190169
872	0.000189517
873	0.000188616
874	0.000187881
875	0.000186504
876	0.000185579
877	0.000183673
878	0.000182612
879	0.000181103
880	0.000180684
881	0.000179366
882	0.000178575
883	0.000177035
884	0.000175761
885	0.000174436
886	0.000174005
887	0.000172788
888	0.000172453
889	0.000190169
890	0.000217889
891	0.000233876
892	0.000237622
893	0.000231981
894	0.000224515
895	0.000214224
896	0.000204754
897	0.000195738
898	0.000188265
899	0.000182337
900	0.00017814
901	0.000174426
902	0.000171652
903	0.000169147
904	0.000167168
905	0.000165195
906	0.000163568
907	0.000162584
908	0.000161241
909	0.000159425
910	0.000157645
911	0.000155917
912	0.000154175
913	0.000152483
914	0.000150765
915	0.000149406
916	0.000147974
917	0.000146763
918	0.000146021
919	0.000147157
920	0.000149182
921	0.000149559
922	0.000148524
923	0.000146494
924	0.000144611
925	0.000142945
926	0.000141193
927	0.000139559
928	0.000138228
929	0.00013685
930	0.00013614
931	0.000135174
932	0.000134342
933	0.000133374
934	0.000132526
935	0.000131713
936	0.000130899
937	0.000130097
938	0.000129054
939	0.000128353
940	0.000127631
941	0.000126922
942	0.000126259
943	0.000125636
944	0.000124738
945	0.000124283
946	0.000123979
947	0.000122923
948	0.000121985
949	0.000121011
950	0.000120301
951	0.000119563
952	0.000118794
953	0.000118366
954	0.000117956
955	0.000117341
956	0.000116638
957	0.000116332
958	0.000115774
959	0.000115221
960	0.000226247
961	0.000230323
962	0.000185103
963	0.000161831
964	0.000149237
965	0.000137931
966	0.000131277
967	0.000127976
968	0.000124813
969	0.00012108
970	0.000117212
971	0.00011407
972	0.000112225
973	0.000111074
974	0.000109397
975	0.000107331
976	0.000105559
977	0.000104224
978	0.000103682
979	0.000103304
980	0.000102529
981	0.000101716
982	0.000100777
983	0.000100272
984	0.000100046
985	9.94882e-05
986	9.88567e-05
987	9.79976e-05
988	9.73756e-05
989	9.66173e-05
990	9.59184e-05
991	9.58176e-05
992	9.55004e-05
993	9.48505e-05
994	9.45668e-05
995	9.38644e-05
996	9.33729e-05
997	9.27711e-05
998	9.20044e-05
999	9.18142e-05
1000	9.15231e-05
