1	0.0087255
2	0.00851088
3	0.0355759
4	0.0152576
5	0.010645
6	0.102131
7	0.0128641
8	0.00921325
9	0.0273551
10	0.0118576
11	0.00831573
12	0.0173849
13	0.0104715
14	0.00716552
15	0.0156152
16	0.0100917
17	0.00679566
18	0.012473
19	0.00882932
20	0.00569217
21	0.0134248
22	0.00915058
23	0.0157338
24	0.0100202
25	0.00714788
26	0.0111805
27	0.0134329
28	0.00973486
29	0.0125332
30	0.00723674
31	0.00495352
32	0.0101008
33	0.0206132
34	0.0119937
35	0.00571752
36	0.00450175
37	0.00329111
38	0.00532762
39	0.00550455
40	0.00344672
41	0.00307069
42	0.00246354
43	0.00250153
44	0.00269954
45	0.00230947
46	0.00207359
47	0.00182806
48	0.00172226
49	0.00183069
50	0.00168414
51	0.00148287
52	0.00146373
53	0.00134339
54	0.00117698
55	0.00130588
56	0.00129396
57	0.00104595
58	0.00105122
59	0.00108756
60	0.00100717
61	0.000884273
62	0.000927874
63	0.000908185
64	0.000811463
65	0.000815491
66	0.000841821
67	0.000817046
68	0.000763672
69	0.000728483
70	0.000722833
71	0.000722255
72	0.000719097
73	0.000707753
74	0.00070231
75	0.000699363
76	0.000696791
77	0.000690385
78	0.000679643
79	0.000672139
80	0.00066933
81	0.00066636
82	0.000664072
83	0.000662069
84	0.000658751
85	0.000654068
86	0.000650422
87	0.000648722
88	0.000647533
89	0.00064538
90	0.000643866
91	0.00064232
92	0.000641391
93	0.000640112
94	0.00063859
95	0.000636808
96	0.000635115
97	0.000633406
98	0.000632182
99	0.000630993
100	0.000629473
101	0.000628194
102	0.000627132
103	0.000626426
104	0.000625378
105	0.000624185
106	0.000622213
107	0.000620463
108	0.000618661
109	0.000617006
110	0.000615258
111	0.000613442
112	0.000611786
113	0.000610561
114	0.000609288
115	0.000608341
116	0.000607238
117	0.000605858
118	0.000604468
119	0.000603425
120	0.000602169
121	0.000601108
122	0.000600283
123	0.000599664
124	0.000599134
125	0.000598785
126	0.000598463
127	0.000598375
128	0.000598403
129	0.000598235
130	0.000597941
131	0.000597309
132	0.000596692
133	0.000595998
134	0.000595415
135	0.000594554
136	0.000593565
137	0.000592788
138	0.000592176
139	0.000591883
140	0.000591651
141	0.000591306
142	0.000590888
143	0.000590515
144	0.000590111
145	0.000589969
146	0.000589974
147	0.000589841
148	0.000589756
149	0.000589786
150	0.000589972
151	0.000589947
152	0.000590208
153	0.000590661
154	0.000591158
155	0.000591496
156	0.000591883
157	0.000592309
158	0.00059288
159	0.00059356
160	0.000594396
161	0.000595464
162	0.000596813
163	0.000598203
164	0.00059962
165	0.000601094
166	0.000602269
167	0.000603481
168	0.000604364
169	0.000605402
170	0.000606275
171	0.000607195
172	0.000608159
173	0.000609019
174	0.000609902
175	0.00061072
176	0.00061141
177	0.00061181
178	0.000612215
179	0.000612716
180	0.00061337
181	0.000614066
182	0.000614952
183	0.000615908
184	0.000616649
185	0.000617624
186	0.000618787
187	0.000619826
188	0.000620797
189	0.000621985
190	0.000622904
191	0.000624158
192	0.000625548
193	0.000626982
194	0.000628641
195	0.000630243
196	0.000631731
197	0.000633093
198	0.000634583
199	0.000635778
200	0.000636809
201	0.000637848
202	0.000638956
203	0.000640285
204	0.000641948
205	0.000643658
206	0.000645439
207	0.000647058
208	0.000648669
209	0.000650399
210	0.000652016
211	0.000653428
212	0.00065518
213	0.000657049
214	0.000659115
215	0.000661429
216	0.000664096
217	0.000666845
218	0.000669367
219	0.000671674
220	0.000674036
221	0.000676504
222	0.000679138
223	0.000681794
224	0.000684355
225	0.000686697
226	0.000689287
227	0.000692174
228	0.000695413
229	0.000698464
230	0.000701625
231	0.000704971
232	0.000708546
233	0.000711894
234	0.000715437
235	0.000718824
236	0.000722306
237	0.000725571
238	0.000728885
239	0.000732377
240	0.000735997
241	0.000739946
242	0.000744311
243	0.000748797
244	0.000753218
245	0.000757563
246	0.000762025
247	0.00076643
248	0.000770876
249	0.000775354
250	0.000779917
251	0.000784401
252	0.000788791
253	0.000793055
254	0.000797658
255	0.000802194
256	0.000806853
257	0.000811935
258	0.000817157
259	0.000822377
260	0.000828223
261	0.000834322
262	0.000840642
263	0.000846989
264	0.00085352
265	0.000860412
266	0.00086758
267	0.000875006
268	0.000882098
269	0.000889686
270	0.000897553
271	0.000905569
272	0.000913718
273	0.000922292
274	0.000931361
275	0.000940202
276	0.000949531
277	0.000958855
278	0.000968496
279	0.000978175
280	0.000988149
281	0.000998217
282	0.00101144
283	0.00102201
284	0.00103327
285	0.00104513
286	0.00105746
287	0.00107008
288	0.00108309
289	0.0010957
290	0.00110793
291	0.00110986
292	0.00109941
293	0.00108152
294	0.00105744
295	0.00103094
296	0.00100469
297	0.000979363
298	0.000955223
299	0.000932203
300	0.000910239
301	0.000888972
302	0.000868614
303	0.000848747
304	0.000829867
305	0.000811648
306	0.000794186
307	0.000777099
308	0.000760731
309	0.000744999
310	0.000730079
311	0.000715471
312	0.000701568
313	0.000688197
314	0.000675367
315	0.000662799
316	0.000648792
317	0.000636917
318	0.000625412
319	0.000614303
320	0.000603616
321	0.000592993
322	0.000582639
323	0.000572659
324	0.000562911
325	0.00055327
326	0.000543775
327	0.000534681
328	0.000525988
329	0.000517511
330	0.000509247
331	0.00050109
332	0.000493116
333	0.000485262
334	0.000477559
335	0.000469856
336	0.000462464
337	0.000455284
338	0.00044822
339	0.000441149
340	0.000435389
341	0.000428548
342	0.000421955
343	0.000415493
344	0.000409222
345	0.000403221
346	0.000397203
347	0.000391276
348	0.000385455
349	0.000379834
350	0.000373429
351	0.000368011
352	0.000362612
353	0.00035729
354	0.000352178
355	0.000347094
356	0.000342127
357	0.000337101
358	0.000332252
359	0.00032742
360	0.000322915
361	0.000318423
362	0.000314045
363	0.000309583
364	0.000305187
365	0.000300821
366	0.000296585
367	0.000292415
368	0.000288468
369	0.00028444
370	0.000280512
371	0.000276665
372	0.000272903
373	0.00026914
374	0.000265472
375	0.000261773
376	0.000258176
377	0.000254564
378	0.000251103
379	0.00024776
380	0.000244379
381	0.000241037
382	0.000237828
383	0.000234627
384	0.000231394
385	0.0002281
386	0.000224869
387	0.000221868
388	0.000218813
389	0.000215677
390	0.000212603
391	0.000209672
392	0.000206889
393	0.000204119
394	0.00020144
395	0.00019859
396	0.000195797
397	0.000193191
398	0.000190641
399	0.000188025
400	0.000185462
401	0.000182885
402	0.000180317
403	0.000177807
404	0.000175294
405	0.000172902
406	0.000170599
407	0.000168263
408	0.000165903
409	0.000163577
410	0.000161317
411	0.000159238
412	0.00015725
413	0.000155119
414	0.000153332
415	0.000151125
416	0.00014893
417	0.000146809
418	0.000144766
419	0.00014263
420	0.000140582
421	0.000138627
422	0.00013671
423	0.000134814
424	0.000132936
425	0.000131047
426	0.000129145
427	0.000127395
428	0.000125679
429	0.000123962
430	0.000122264
431	0.000120638
432	0.000118991
433	0.000117436
434	0.000115909
435	0.000114398
436	0.00011292
437	0.000111386
438	0.000109903
439	0.000108347
440	0.000106916
441	0.000105526
442	0.000104258
443	0.000102977
444	0.000101697
445	0.000100358
446	9.91098e-05
447	9.79599e-05
448	9.67391e-05
449	9.55987e-05
450	9.44101e-05
451	9.32994e-05
452	9.21948e-05
453	9.11156e-05
454	9.00899e-05
455	8.90256e-05
456	8.80743e-05
457	8.71253e-05
458	8.61377e-05
459	8.51162e-05
460	8.41768e-05
461	8.32054e-05
462	8.23273e-05
463	8.15192e-05
464	8.06615e-05
465	7.98164e-05
466	7.89931e-05
467	7.82178e-05
468	7.74433e-05
469	7.66966e-05
470	7.59149e-05
471	7.51641e-05
472	7.4481e-05
473	7.38424e-05
474	7.31614e-05
475	7.25066e-05
476	7.18411e-05
477	7.11943e-05
478	7.05212e-05
479	6.99195e-05
480	6.92421e-05
481	6.94815e-05
482	6.87693e-05
483	6.78457e-05
484	6.74318e-05
485	6.68849e-05
486	6.61786e-05
487	6.55495e-05
488	6.49968e-05
489	6.45075e-05
490	6.40259e-05
491	6.35591e-05
492	6.31149e-05
493	6.26602e-05
494	6.22187e-05
495	6.18371e-05
496	6.13719e-05
497	6.09419e-05
498	6.05461e-05
499	6.01865e-05
500	5.98147e-05
501	5.94424e-05
502	5.90621e-05
503	5.87461e-05
504	5.84574e-05
505	5.81956e-05
506	5.78172e-05
507	5.74884e-05
508	5.70851e-05
509	5.67811e-05
510	5.63606e-05
511	5.61534e-05
512	5.58772e-05
513	5.56388e-05
514	5.53197e-05
515	5.51435e-05
516	5.48257e-05
517	5.46672e-05
518	5.44797e-05
519	5.4228e-05
520	5.39262e-05
521	5.36825e-05
522	5.3437e-05
523	5.32349e-05
524	5.29522e-05
525	5.27347e-05
526	5.24413e-05
527	5.22564e-05
528	5.20481e-05
529	5.18686e-05
530	5.16379e-05
531	5.14585e-05
532	5.1235e-05
533	5.11178e-05
534	5.09241e-05
535	5.07355e-05
536	5.05566e-05
537	5.04424e-05
538	5.02365e-05
539	5.00284e-05
540	4.9828e-05
541	4.97332e-05
542	4.95472e-05
543	4.9449e-05
544	4.92664e-05
545	4.91659e-05
546	4.89674e-05
547	4.88315e-05
548	4.86311e-05
549	4.8505e-05
550	4.84047e-05
551	4.83336e-05
552	4.81701e-05
553	4.80884e-05
554	4.78829e-05
555	4.77746e-05
556	4.75705e-05
557	4.7425e-05
558	4.72122e-05
559	4.71206e-05
560	4.69976e-05
561	4.69561e-05
562	4.6844e-05
563	4.67526e-05
564	4.66194e-05
565	4.65094e-05
566	4.63203e-05
567	4.62335e-05
568	4.60783e-05
569	4.5982e-05
570	4.58378e-05
571	4.57561e-05
572	4.56112e-05
573	4.55253e-05
574	4.53605e-05
575	4.52731e-05
576	4.51361e-05
577	4.50331e-05
578	4.48763e-05
579	4.47906e-05
580	4.46252e-05
581	4.45465e-05
582	4.44089e-05
583	4.43313e-05
584	4.41994e-05
585	4.4138e-05
586	4.39983e-05
587	4.39091e-05
588	4.37739e-05
589	4.37307e-05
590	4.35772e-05
591	4.35396e-05
592	4.34042e-05
593	4.33367e-05
594	4.32149e-05
595	4.31461e-05
596	4.30394e-05
597	4.29741e-05
598	4.28622e-05
599	4.28074e-05
600	4.26396e-05
601	4.25907e-05
602	4.24311e-05
603	4.23816e-05
604	4.22942e-05
605	4.22389e-05
606	4.21411e-05
607	4.21488e-05
608	4.20457e-05
609	4.20089e-05
610	4.18427e-05
611	4.17334e-05
612	4.15896e-05
613	4.1533e-05
614	4.14067e-05
615	4.13857e-05
616	4.12982e-05
617	4.12594e-05
618	4.11423e-05
619	4.03312e-05
620	4.03678e-05
621	4.10213e-05
622	4.18217e-05
623	4.15997e-05
624	4.06363e-05
625	4.00454e-05
626	3.9983e-05
627	4.02995e-05
628	4.04689e-05
629	4.03659e-05
630	4.00454e-05
631	3.98993e-05
632	3.97994e-05
633	3.97984e-05
634	3.97099e-05
635	3.96823e-05
636	3.95594e-05
637	3.95058e-05
638	3.94441e-05
639	3.9447e-05
640	3.93255e-05
641	3.92941e-05
642	3.91441e-05
643	3.91131e-05
644	3.9026e-05
645	3.89615e-05
646	3.88423e-05
647	3.87665e-05
648	3.86692e-05
649	3.86527e-05
650	3.85726e-05
651	3.8492e-05
652	3.83983e-05
653	3.83765e-05
654	3.82429e-05
655	3.82153e-05
656	3.81296e-05
657	3.80644e-05
658	3.79401e-05
659	3.79062e-05
660	3.78759e-05
661	3.77744e-05
662	3.75783e-05
663	3.75283e-05
664	3.74722e-05
665	3.74686e-05
666	3.7384e-05
667	3.73267e-05
668	3.71886e-05
669	3.71291e-05
670	3.69732e-05
671	3.69011e-05
672	3.67826e-05
673	3.66787e-05
674	3.66329e-05
675	3.65844e-05
676	3.64729e-05
677	3.64538e-05
678	3.63139e-05
679	3.62511e-05
680	3.61326e-05
681	3.60825e-05
682	3.59653e-05
683	3.59233e-05
684	3.57702e-05
685	3.57279e-05
686	3.5629e-05
687	3.55908e-05
688	3.5476e-05
689	3.54162e-05
690	3.52908e-05
691	3.51702e-05
692	3.50232e-05
693	3.49448e-05
694	3.48457e-05
695	3.50702e-05
696	3.498e-05
697	3.49258e-05
698	3.48247e-05
699	3.47652e-05
700	3.46642e-05
701	3.46e-05
702	3.44839e-05
703	3.43724e-05
704	3.42528e-05
705	3.41667e-05
706	3.40341e-05
707	3.397e-05
708	3.38324e-05
709	3.37462e-05
710	3.3633e-05
711	3.35559e-05
712	3.34231e-05
713	3.33515e-05
714	3.3214e-05
715	3.31284e-05
716	3.29898e-05
717	3.28891e-05
718	3.2729e-05
719	3.26051e-05
720	3.24314e-05
721	3.23602e-05
722	3.22497e-05
723	3.21405e-05
724	3.19817e-05
725	3.18797e-05
726	3.17341e-05
727	3.1634e-05
728	3.14867e-05
729	3.13892e-05
730	3.12292e-05
731	3.11318e-05
732	3.09791e-05
733	3.0866e-05
734	3.07333e-05
735	3.06483e-05
736	2.98646e-05
737	2.97328e-05
738	3.00976e-05
739	3.08192e-05
740	3.05583e-05
741	2.96918e-05
742	2.9014e-05
743	2.88666e-05
744	2.89855e-05
745	2.91123e-05
746	2.89582e-05
747	2.87123e-05
748	2.84448e-05
749	2.8338e-05
750	2.82001e-05
751	2.81337e-05
752	2.80082e-05
753	2.79177e-05
754	2.77248e-05
755	2.76027e-05
756	2.74495e-05
757	2.73123e-05
758	2.71501e-05
759	2.70399e-05
760	2.69114e-05
761	2.68342e-05
762	2.66604e-05
763	2.65451e-05
764	2.63752e-05
765	2.62436e-05
766	2.60765e-05
767	2.59709e-05
768	2.58289e-05
769	2.57184e-05
770	2.55702e-05
771	2.54098e-05
772	2.52726e-05
773	2.51622e-05
774	2.50142e-05
775	2.49005e-05
776	2.47379e-05
777	2.46094e-05
778	2.4476e-05
779	2.4377e-05
780	2.42011e-05
781	2.40762e-05
782	2.39177e-05
783	2.37985e-05
784	2.36597e-05
785	2.3543e-05
786	2.33994e-05
787	2.32849e-05
788	2.31229e-05
789	2.30935e-05
790	2.2857e-05
791	2.26695e-05
792	2.25065e-05
793	2.24237e-05
794	2.23238e-05
795	2.22296e-05
796	2.20379e-05
797	2.19214e-05
798	2.17529e-05
799	2.16345e-05
800	2.15041e-05
801	2.14054e-05
802	2.12496e-05
803	2.11608e-05
804	2.09878e-05
805	2.09116e-05
806	2.07406e-05
807	2.06615e-05
808	2.05265e-05
809	2.04129e-05
810	2.02567e-05
811	2.01469e-05
812	1.99411e-05
813	1.98397e-05
814	1.96661e-05
815	1.98797e-05
816	1.94632e-05
817	1.96361e-05
818	1.95081e-05
819	1.94073e-05
820	1.92789e-05
821	1.91879e-05
822	1.905e-05
823	1.8921e-05
824	1.87878e-05
825	1.86959e-05
826	1.85455e-05
827	1.84059e-05
828	1.82833e-05
829	1.81941e-05
830	1.80628e-05
831	1.79666e-05
832	1.78147e-05
833	1.77081e-05
834	1.75735e-05
835	1.74456e-05
836	1.73576e-05
837	1.72445e-05
838	1.70866e-05
839	1.69415e-05
840	1.68039e-05
841	1.67146e-05
842	1.65739e-05
843	1.64211e-05
844	1.63007e-05
845	1.62086e-05
846	1.61448e-05
847	1.60329e-05
848	1.60942e-05
849	1.57107e-05
850	1.56867e-05
851	1.59344e-05
852	1.59764e-05
853	1.52057e-05
854	1.47449e-05
855	1.45602e-05
856	1.46202e-05
857	1.46545e-05
858	1.45645e-05
859	1.43878e-05
860	1.42565e-05
861	1.41557e-05
862	1.41081e-05
863	1.39775e-05
864	1.39058e-05
865	1.37839e-05
866	1.37446e-05
867	1.36454e-05
868	1.35895e-05
869	1.34123e-05
870	1.33623e-05
871	1.32542e-05
872	1.32443e-05
873	1.31634e-05
874	1.31227e-05
875	1.29875e-05
876	1.29375e-05
877	1.28026e-05
878	1.28725e-05
879	1.26973e-05
880	1.26984e-05
881	1.25513e-05
882	1.25352e-05
883	1.23525e-05
884	1.2317e-05
885	1.21907e-05
886	1.21971e-05
887	1.20724e-05
888	1.20891e-05
889	1.23968e-05
890	1.31305e-05
891	1.3443e-05
892	1.33823e-05
893	1.31287e-05
894	1.2966e-05
895	1.26599e-05
896	1.24732e-05
897	1.22415e-05
898	1.2065e-05
899	1.19014e-05
900	1.19195e-05
901	1.16514e-05
902	1.16024e-05
903	1.15258e-05
904	1.14174e-05
905	1.13036e-05
906	1.12301e-05
907	1.11724e-05
908	1.11095e-05
909	1.10404e-05
910	1.09485e-05
911	1.08704e-05
912	1.0777e-05
913	1.07103e-05
914	1.06372e-05
915	1.05724e-05
916	1.0824e-05
917	1.07399e-05
918	1.06533e-05
919	1.06445e-05
920	1.06483e-05
921	1.06712e-05
922	1.05975e-05
923	1.06164e-05
924	1.04586e-05
925	1.04071e-05
926	1.0327e-05
927	1.02616e-05
928	1.0157e-05
929	1.00984e-05
930	1.00189e-05
931	9.96789e-06
932	9.90678e-06
933	9.86929e-06
934	9.78683e-06
935	9.75241e-06
936	9.65653e-06
937	9.61992e-06
938	9.52708e-06
939	9.49118e-06
940	9.41833e-06
941	9.40193e-06
942	9.32926e-06
943	9.31661e-06
944	9.23478e-06
945	9.19349e-06
946	9.1331e-06
947	9.09681e-06
948	9.01523e-06
949	8.96962e-06
950	8.90905e-06
951	8.89532e-06
952	8.82261e-06
953	8.7983e-06
954	8.73848e-06
955	8.72013e-06
956	8.64198e-06
957	8.63098e-06
958	8.5725e-06
959	8.56119e-06
960	9.1061e-06
961	8.7663e-06
962	8.49367e-06
963	8.75523e-06
964	8.25663e-06
965	7.90521e-06
966	7.67747e-06
967	7.75388e-06
968	7.86805e-06
969	7.81871e-06
970	7.59129e-06
971	7.4464e-06
972	7.42356e-06
973	7.50763e-06
974	7.49295e-06
975	7.43142e-06
976	7.30443e-06
977	7.25896e-06
978	7.24682e-06
979	7.27012e-06
980	7.23714e-06
981	7.20212e-06
982	7.11379e-06
983	7.08942e-06
984	7.07483e-06
985	7.07965e-06
986	7.02546e-06
987	6.98907e-06
988	6.93482e-06
989	6.90697e-06
990	6.87232e-06
991	6.87303e-06
992	6.84145e-06
993	6.8274e-06
994	6.78555e-06
995	6.7693e-06
996	6.72617e-06
997	6.71408e-06
998	6.65065e-06
999	6.65889e-06
1000	6.60865e-06
