1	5.18791e-06
2	6.36299e-06
3	2.51933e-05
4	1.06949e-05
5	7.34072e-06
6	7.97093e-05
7	1.03047e-05
8	6.54215e-06
9	2.61046e-05
10	1.01598e-05
11	5.81188e-06
12	9.11701e-06
13	9.73888e-06
14	5.15943e-06
15	8.18027e-06
16	9.61307e-06
17	4.77234e-06
18	6.42572e-06
19	8.83205e-06
20	3.8646e-06
21	7.16687e-06
22	9.12403e-06
23	1.24711e-05
24	5.36824e-06
25	3.92723e-06
26	8.78653e-06
27	8.21889e-06
28	5.48608e-06
29	8.54988e-06
30	4.3762e-06
31	3.46773e-06
32	9.10953e-06
33	1.28399e-05
34	7.43394e-06
35	4.08666e-06
36	2.96194e-06
37	2.11586e-06
38	4.59626e-06
39	3.34522e-06
40	2.28554e-06
41	2.69137e-06
42	1.50559e-06
43	2.34172e-06
44	2.72519e-06
45	1.64606e-06
46	2.0051e-06
47	1.66912e-06
48	1.40358e-06
49	1.59102e-06
50	1.27661e-06
51	9.67336e-07
52	1.42423e-06
53	1.06953e-06
54	8.26811e-07
55	1.29429e-06
56	1.16753e-06
57	7.00139e-07
58	8.96881e-07
59	8.8928e-07
60	7.54838e-07
61	5.47379e-07
62	5.78364e-07
63	5.89079e-07
64	9.64431e-07
65	8.88493e-07
66	9.79959e-07
67	9.69815e-07
68	9.38795e-07
69	8.50398e-07
70	7.64345e-07
71	7.15044e-07
72	7.33285e-07
73	7.48753e-07
74	7.30606e-07
75	7.33878e-07
76	7.41782e-07
77	7.50646e-07
78	7.31717e-07
79	6.909e-07
80	6.69185e-07
81	6.78444e-07
82	6.80024e-07
83	6.81467e-07
84	6.83101e-07
85	6.80907e-07
86	6.74666e-07
87	6.67129e-07
88	6.59034e-07
89	6.50531e-07
90	6.41293e-07
91	6.31685e-07
92	6.21381e-07
93	6.0969e-07
94	5.96585e-07
95	5.82915e-07
96	5.70653e-07
97	5.59506e-07
98	5.49542e-07
99	5.40742e-07
100	5.32599e-07
101	5.25779e-07
102	5.20444e-07
103	9.96639e-07
104	9.91021e-07
105	9.86145e-07
106	9.81273e-07
107	9.77215e-07
108	9.73804e-07
109	9.72642e-07
110	9.73102e-07
111	9.74404e-07
112	9.75981e-07
113	9.78019e-07
114	9.80891e-07
115	9.841e-07
116	9.87927e-07
117	9.92644e-07
118	9.98837e-07
119	5.00251e-07
120	5.0472e-07
121	5.09574e-07
122	5.15565e-07
123	5.21856e-07
124	5.28906e-07
125	5.36158e-07
126	5.4386e-07
127	5.51128e-07
128	5.58514e-07
129	5.64712e-07
130	5.70097e-07
131	5.74581e-07
132	5.794e-07
133	5.83713e-07
134	5.88236e-07
135	5.92038e-07
136	5.95522e-07
137	5.98359e-07
138	6.01716e-07
139	6.05338e-07
140	6.0897e-07
141	6.11663e-07
142	6.14111e-07
143	6.15912e-07
144	6.17785e-07
145	6.19298e-07
146	6.20834e-07
147	6.21525e-07
148	6.2171e-07
149	6.21193e-07
150	6.19988e-07
151	6.18257e-07
152	6.16524e-07
153	6.14601e-07
154	6.12464e-07
155	6.09631e-07
156	6.06143e-07
157	6.03296e-07
158	6.01321e-07
159	5.99776e-07
160	5.98573e-07
161	5.97047e-07
162	5.96137e-07
163	5.95436e-07
164	5.95471e-07
165	5.95323e-07
166	5.95122e-07
167	5.9465e-07
168	5.93947e-07
169	5.92394e-07
170	5.90681e-07
171	5.88755e-07
172	5.87068e-07
173	5.85238e-07
174	5.83526e-07
175	5.8146e-07
176	5.79349e-07
177	5.76923e-07
178	5.7456e-07
179	5.72303e-07
180	5.70157e-07
181	5.67914e-07
182	5.65582e-07
183	5.62944e-07
184	5.60368e-07
185	5.58408e-07
186	5.56898e-07
187	5.55079e-07
188	5.53305e-07
189	5.51124e-07
190	5.48666e-07
191	5.46157e-07
192	5.44278e-07
193	5.42925e-07
194	5.42022e-07
195	5.40172e-07
196	5.38789e-07
197	5.37289e-07
198	5.35958e-07
199	5.34651e-07
200	5.3351e-07
201	5.31554e-07
202	5.29813e-07
203	5.27752e-07
204	5.26156e-07
205	5.24922e-07
206	5.24029e-07
207	5.22775e-07
208	5.21638e-07
209	5.20776e-07
210	5.19818e-07
211	5.18613e-07
212	5.17632e-07
213	5.16727e-07
214	5.16203e-07
215	5.15666e-07
216	5.15236e-07
217	5.14579e-07
218	5.14218e-07
219	5.14265e-07
220	5.15023e-07
221	5.16085e-07
222	5.1726e-07
223	5.18143e-07
224	5.19101e-07
225	5.20291e-07
226	5.21927e-07
227	5.23841e-07
228	5.2597e-07
229	5.28081e-07
230	5.30277e-07
231	5.31969e-07
232	5.33531e-07
233	5.34926e-07
234	5.36792e-07
235	5.39123e-07
236	5.41409e-07
237	5.43173e-07
238	5.44714e-07
239	5.4607e-07
240	5.4734e-07
241	5.49576e-07
242	5.52216e-07
243	5.55216e-07
244	5.57969e-07
245	5.60378e-07
246	5.63021e-07
247	5.65819e-07
248	5.69055e-07
249	5.72617e-07
250	5.7568e-07
251	5.78831e-07
252	5.8212e-07
253	5.85879e-07
254	5.89476e-07
255	5.92762e-07
256	5.9703e-07
257	6.01054e-07
258	6.05131e-07
259	6.09465e-07
260	6.13869e-07
261	6.18732e-07
262	6.23439e-07
263	6.28633e-07
264	6.34702e-07
265	6.41467e-07
266	6.47881e-07
267	6.54006e-07
268	6.60618e-07
269	6.67621e-07
270	6.75569e-07
271	6.83382e-07
272	6.91565e-07
273	6.99348e-07
274	7.08189e-07
275	7.16468e-07
276	7.26226e-07
277	7.36374e-07
278	7.47108e-07
279	7.57704e-07
280	7.6857e-07
281	7.79421e-07
282	7.91328e-07
283	9.19739e-07
284	9.33762e-07
285	9.48436e-07
286	9.63871e-07
287	9.79726e-07
288	9.95889e-07
289	1.01228e-06
290	1.03075e-06
291	1.04703e-06
292	1.05095e-06
293	1.04434e-06
294	1.03202e-06
295	1.01534e-06
296	9.96786e-07
297	9.78732e-07
298	9.61402e-07
299	9.45586e-07
300	9.30523e-07
301	9.16214e-07
302	9.02812e-07
303	8.89143e-07
304	8.76165e-07
305	8.63681e-07
306	8.51788e-07
307	8.39536e-07
308	8.27904e-07
309	8.16773e-07
310	8.06544e-07
311	7.95996e-07
312	7.85954e-07
313	7.75935e-07
314	7.66535e-07
315	7.56922e-07
316	7.47389e-07
317	7.3759e-07
318	6.35196e-07
319	6.26683e-07
320	6.18353e-07
321	6.10007e-07
322	6.01544e-07
323	5.93241e-07
324	5.8541e-07
325	5.77455e-07
326	5.69915e-07
327	5.6218e-07
328	5.54924e-07
329	5.47382e-07
330	5.39818e-07
331	5.32269e-07
332	5.24695e-07
333	5.17324e-07
334	5.09884e-07
335	9.94024e-07
336	9.78704e-07
337	9.63457e-07
338	9.48463e-07
339	9.33952e-07
340	9.20101e-07
341	5.34545e-07
342	5.27406e-07
343	5.20425e-07
344	5.13855e-07
345	5.07879e-07
346	9.90512e-07
347	9.79814e-07
348	9.69254e-07
349	9.58474e-07
350	8.0086e-07
351	7.90992e-07
352	7.8154e-07
353	7.72124e-07
354	7.625e-07
355	7.52705e-07
356	7.42959e-07
357	7.33103e-07
358	7.23628e-07
359	7.14254e-07
360	7.05481e-07
361	6.95925e-07
362	6.86811e-07
363	6.77568e-07
364	6.6832e-07
365	6.59079e-07
366	6.50429e-07
367	6.415e-07
368	6.3269e-07
369	6.23707e-07
370	6.14889e-07
371	6.06559e-07
372	5.98003e-07
373	5.8986e-07
374	5.81814e-07
375	5.73763e-07
376	5.65807e-07
377	5.57911e-07
378	5.50591e-07
379	5.4307e-07
380	5.35262e-07
381	5.27767e-07
382	5.20285e-07
383	9.96465e-07
384	9.84188e-07
385	9.70693e-07
386	9.57249e-07
387	9.43564e-07
388	9.31312e-07
389	9.19073e-07
390	9.06804e-07
391	8.94208e-07
392	8.81519e-07
393	8.6901e-07
394	8.56626e-07
395	8.43912e-07
396	8.32239e-07
397	8.20175e-07
398	8.08601e-07
399	7.96592e-07
400	7.85165e-07
401	7.73373e-07
402	7.61928e-07
403	7.50516e-07
404	7.39147e-07
405	7.28165e-07
406	7.17661e-07
407	7.0699e-07
408	6.96362e-07
409	6.85376e-07
410	6.74021e-07
411	6.63247e-07
412	6.52919e-07
413	6.43206e-07
414	6.33355e-07
415	6.23928e-07
416	6.13472e-07
417	7.40273e-07
418	7.28968e-07
419	7.17885e-07
420	7.05899e-07
421	6.95231e-07
422	6.84365e-07
423	6.73339e-07
424	6.62443e-07
425	6.52134e-07
426	6.41496e-07
427	6.31751e-07
428	6.21936e-07
429	6.11413e-07
430	6.01715e-07
431	5.92051e-07
432	5.82265e-07
433	5.73422e-07
434	5.64647e-07
435	5.56295e-07
436	5.48168e-07
437	5.39726e-07
438	5.31427e-07
439	5.23894e-07
440	5.15686e-07
441	5.08503e-07
442	9.91948e-07
443	9.81956e-07
444	9.6988e-07
445	9.57891e-07
446	9.45358e-07
447	9.34591e-07
448	9.23588e-07
449	9.135e-07
450	9.0306e-07
451	8.9373e-07
452	8.83122e-07
453	8.7351e-07
454	8.64923e-07
455	8.56629e-07
456	8.477e-07
457	8.39082e-07
458	8.29952e-07
459	8.21524e-07
460	8.1283e-07
461	8.04228e-07
462	7.95869e-07
463	7.8771e-07
464	7.79017e-07
465	7.70994e-07
466	7.62131e-07
467	7.53053e-07
468	7.44331e-07
469	7.36113e-07
470	7.27381e-07
471	7.17463e-07
472	7.08214e-07
473	6.98766e-07
474	6.9004e-07
475	6.81239e-07
476	6.72815e-07
477	6.63419e-07
478	6.54393e-07
479	6.44922e-07
480	6.42008e-07
481	6.3203e-07
482	6.20526e-07
483	6.13416e-07
484	6.04288e-07
485	5.955e-07
486	5.89123e-07
487	5.81922e-07
488	5.75777e-07
489	5.68836e-07
490	5.6099e-07
491	5.53165e-07
492	5.47092e-07
493	5.41228e-07
494	5.3587e-07
495	5.30371e-07
496	5.24412e-07
497	5.17724e-07
498	5.11954e-07
499	5.0688e-07
500	5.02275e-07
501	4.97898e-07
502	4.9339e-07
503	4.87832e-07
504	4.8294e-07
505	4.7843e-07
506	4.73859e-07
507	4.70186e-07
508	4.66389e-07
509	4.6254e-07
510	4.58131e-07
511	4.54745e-07
512	4.51661e-07
513	4.48931e-07
514	4.45338e-07
515	9.99803e-07
516	9.97289e-07
517	9.9268e-07
518	9.87325e-07
519	9.82263e-07
520	9.77878e-07
521	9.74284e-07
522	9.71068e-07
523	9.69372e-07
524	9.65996e-07
525	9.62849e-07
526	9.59141e-07
527	9.57458e-07
528	9.54482e-07
529	9.52686e-07
530	9.49344e-07
531	9.48246e-07
532	9.4582e-07
533	9.44115e-07
534	9.41418e-07
535	9.41089e-07
536	9.39424e-07
537	9.3798e-07
538	9.36013e-07
539	9.35565e-07
540	9.33046e-07
541	9.30477e-07
542	9.27623e-07
543	9.26666e-07
544	9.25434e-07
545	9.24647e-07
546	9.22676e-07
547	9.20538e-07
548	9.17785e-07
549	9.1593e-07
550	9.13743e-07
551	9.12758e-07
552	9.11113e-07
553	9.09965e-07
554	9.07545e-07
555	9.0726e-07
556	9.06362e-07
557	9.05088e-07
558	9.03059e-07
559	9.02034e-07
560	9.00607e-07
561	9.00028e-07
562	8.98269e-07
563	8.96624e-07
564	8.95118e-07
565	8.94674e-07
566	8.9224e-07
567	8.89745e-07
568	8.87039e-07
569	8.85044e-07
570	8.82192e-07
571	8.79797e-07
572	8.76928e-07
573	8.74678e-07
574	8.71982e-07
575	8.70196e-07
576	8.67919e-07
577	8.6676e-07
578	8.64069e-07
579	8.62605e-07
580	8.60944e-07
581	8.5973e-07
582	8.57831e-07
583	8.56486e-07
584	8.55289e-07
585	8.53936e-07
586	8.5123e-07
587	8.5039e-07
588	8.47678e-07
589	8.45582e-07
590	8.42971e-07
591	8.41643e-07
592	8.39703e-07
593	8.38422e-07
594	8.35046e-07
595	8.32412e-07
596	8.30182e-07
597	8.28961e-07
598	8.2617e-07
599	8.25085e-07
600	8.22468e-07
601	8.2013e-07
602	8.18396e-07
603	8.17167e-07
604	8.14686e-07
605	8.13118e-07
606	8.11149e-07
607	8.09575e-07
608	8.08077e-07
609	8.06766e-07
610	8.04628e-07
611	8.03303e-07
612	8.00933e-07
613	7.98864e-07
614	7.96933e-07
615	7.94885e-07
616	7.92643e-07
617	7.91163e-07
618	7.17036e-07
619	7.30209e-07
620	7.88776e-07
621	8.26898e-07
622	8.09867e-07
623	7.71865e-07
624	7.54232e-07
625	7.63226e-07
626	7.80373e-07
627	7.86247e-07
628	7.77727e-07
629	7.67641e-07
630	7.64238e-07
631	7.67449e-07
632	7.70441e-07
633	7.69779e-07
634	7.65662e-07
635	7.62524e-07
636	7.61196e-07
637	7.6138e-07
638	7.59611e-07
639	7.58145e-07
640	7.55133e-07
641	7.54108e-07
642	7.51999e-07
643	7.51398e-07
644	7.49447e-07
645	7.4799e-07
646	7.46381e-07
647	7.45187e-07
648	7.43934e-07
649	7.4312e-07
650	7.40965e-07
651	7.39252e-07
652	7.37222e-07
653	7.36409e-07
654	7.35027e-07
655	7.33941e-07
656	7.32321e-07
657	7.30674e-07
658	7.40259e-07
659	7.35181e-07
660	7.23109e-07
661	7.16437e-07
662	7.18801e-07
663	7.23386e-07
664	7.23516e-07
665	7.18655e-07
666	7.14316e-07
667	7.11997e-07
668	7.12765e-07
669	7.12695e-07
670	7.11365e-07
671	7.07407e-07
672	7.06657e-07
673	7.05084e-07
674	7.0414e-07
675	7.02354e-07
676	7.0098e-07
677	6.98013e-07
678	6.96691e-07
679	6.94432e-07
680	6.94626e-07
681	6.92321e-07
682	6.90996e-07
683	6.87406e-07
684	6.85683e-07
685	6.83428e-07
686	6.83014e-07
687	6.80353e-07
688	6.79028e-07
689	8.4673e-07
690	6.781e-07
691	8.44404e-07
692	8.42204e-07
693	8.39282e-07
694	8.37826e-07
695	8.34587e-07
696	8.32888e-07
697	8.30549e-07
698	8.28733e-07
699	8.25309e-07
700	8.23785e-07
701	8.20431e-07
702	8.18329e-07
703	8.15216e-07
704	8.13549e-07
705	8.09801e-07
706	8.07952e-07
707	8.04629e-07
708	8.02439e-07
709	7.99039e-07
710	7.9747e-07
711	7.94462e-07
712	7.93069e-07
713	7.89703e-07
714	7.87098e-07
715	7.83252e-07
716	7.80717e-07
717	7.76413e-07
718	7.74451e-07
719	7.70652e-07
720	7.67937e-07
721	7.63523e-07
722	7.61337e-07
723	7.57288e-07
724	7.55403e-07
725	7.51455e-07
726	7.48796e-07
727	7.44954e-07
728	7.42387e-07
729	7.38749e-07
730	7.3658e-07
731	7.32399e-07
732	7.30153e-07
733	7.25721e-07
734	7.23533e-07
735	5.93305e-07
736	6.16277e-07
737	7.21831e-07
738	7.82937e-07
739	7.51085e-07
740	6.84104e-07
741	6.50215e-07
742	6.68163e-07
743	6.9886e-07
744	7.08246e-07
745	6.8963e-07
746	6.7001e-07
747	6.61504e-07
748	6.6813e-07
749	6.73342e-07
750	6.72022e-07
751	6.62468e-07
752	6.55871e-07
753	6.52443e-07
754	6.53509e-07
755	6.50797e-07
756	6.47812e-07
757	6.4165e-07
758	6.3891e-07
759	6.34979e-07
760	6.33524e-07
761	6.28773e-07
762	6.26017e-07
763	6.21184e-07
764	6.19477e-07
765	6.15986e-07
766	6.14253e-07
767	6.09089e-07
768	6.06204e-07
769	6.01781e-07
770	6.00435e-07
771	5.96304e-07
772	5.94302e-07
773	5.89687e-07
774	5.87716e-07
775	5.83339e-07
776	5.81384e-07
777	5.77054e-07
778	5.75056e-07
779	5.70585e-07
780	5.6869e-07
781	5.63841e-07
782	5.62427e-07
783	5.5772e-07
784	5.55701e-07
785	5.50873e-07
786	5.4888e-07
787	5.63547e-07
788	5.5561e-07
789	5.3322e-07
790	5.23001e-07
791	5.24451e-07
792	5.33146e-07
793	5.32372e-07
794	5.25964e-07
795	5.15405e-07
796	5.12854e-07
797	5.10907e-07
798	5.1239e-07
799	5.07968e-07
800	5.04619e-07
801	4.97984e-07
802	4.96693e-07
803	4.93091e-07
804	4.92387e-07
805	4.87146e-07
806	4.85063e-07
807	4.79801e-07
808	4.78459e-07
809	4.74437e-07
810	4.73583e-07
811	4.6884e-07
812	4.67938e-07
813	4.63464e-07
814	4.6246e-07
815	6.27356e-07
816	4.59669e-07
817	6.21496e-07
818	6.20539e-07
819	6.15561e-07
820	6.14594e-07
821	6.07669e-07
822	6.04825e-07
823	5.98632e-07
824	5.97535e-07
825	5.92069e-07
826	5.90295e-07
827	5.84251e-07
828	5.8273e-07
829	5.77157e-07
830	5.76169e-07
831	5.69794e-07
832	5.6762e-07
833	5.62137e-07
834	5.60921e-07
835	5.55237e-07
836	5.54027e-07
837	5.48314e-07
838	5.4634e-07
839	5.40643e-07
840	5.40039e-07
841	5.34123e-07
842	5.32897e-07
843	5.27598e-07
844	5.26342e-07
845	5.19319e-07
846	5.17509e-07
847	5.1269e-07
848	4.36117e-07
849	3.96264e-07
850	5.2897e-07
851	4.33633e-07
852	5.6689e-07
853	4.62737e-07
854	4.21508e-07
855	4.41605e-07
856	4.94456e-07
857	5.072e-07
858	4.84062e-07
859	4.49562e-07
860	4.41953e-07
861	4.50953e-07
862	4.6708e-07
863	4.64437e-07
864	4.55489e-07
865	4.41925e-07
866	4.41199e-07
867	4.41065e-07
868	4.44539e-07
869	4.38412e-07
870	4.35638e-07
871	4.28305e-07
872	4.28192e-07
873	4.25131e-07
874	4.25831e-07
875	4.20462e-07
876	4.1943e-07
877	4.14064e-07
878	4.14088e-07
879	4.0998e-07
880	4.10171e-07
881	4.05176e-07
882	4.05086e-07
883	4.00071e-07
884	9.98278e-07
885	3.99136e-07
886	9.9083e-07
887	3.97005e-07
888	3.93443e-07
889	3.90672e-07
890	3.88896e-07
891	3.85744e-07
892	3.84823e-07
893	9.90901e-07
894	9.81172e-07
895	9.77258e-07
896	9.61567e-07
897	9.53291e-07
898	9.3976e-07
899	9.37938e-07
900	9.29633e-07
901	9.26621e-07
902	9.15912e-07
903	9.57033e-07
904	8.89572e-07
905	9.02808e-07
906	8.99647e-07
907	8.88119e-07
908	8.71949e-07
909	8.68704e-07
910	8.65848e-07
911	8.68533e-07
912	8.61858e-07
913	8.56574e-07
914	8.45024e-07
915	8.41614e-07
916	8.35053e-07
917	8.34247e-07
918	8.2686e-07
919	8.21853e-07
920	4.80851e-07
921	4.78667e-07
922	4.79658e-07
923	4.7754e-07
924	4.749e-07
925	4.6856e-07
926	4.65409e-07
927	4.62163e-07
928	9.91133e-07
929	4.6606e-07
930	9.88427e-07
931	9.88993e-07
932	9.80732e-07
933	9.79699e-07
934	9.67166e-07
935	9.64144e-07
936	9.53017e-07
937	9.53079e-07
938	9.43937e-07
939	9.42577e-07
940	9.31226e-07
941	9.27129e-07
942	9.16648e-07
943	9.15836e-07
944	9.07061e-07
945	9.07e-07
946	8.98574e-07
947	8.96969e-07
948	8.88145e-07
949	8.86473e-07
950	8.75953e-07
951	8.74936e-07
952	8.66958e-07
953	8.65286e-07
954	8.58273e-07
955	8.56287e-07
956	8.4739e-07
957	8.46831e-07
958	8.39034e-07
959	8.3736e-07
960	8.87721e-07
961	8.07556e-07
962	8.29446e-07
963	7.61591e-07
964	7.16332e-07
965	7.59689e-07
966	6.81391e-07
967	6.98031e-07
968	7.74265e-07
969	8.2184e-07
970	7.85439e-07
971	7.28444e-07
972	6.9801e-07
973	7.14046e-07
974	7.38385e-07
975	7.48526e-07
976	7.34257e-07
977	7.16757e-07
978	7.03872e-07
979	7.09475e-07
980	7.10963e-07
981	7.13953e-07
982	7.03052e-07
983	6.9931e-07
984	6.9099e-07
985	6.94792e-07
986	6.90388e-07
987	6.91819e-07
988	6.83752e-07
989	6.84131e-07
990	6.77574e-07
991	6.79703e-07
992	6.73576e-07
993	6.75637e-07
994	6.68092e-07
995	6.68847e-07
996	6.61774e-07
997	6.6489e-07
998	6.58688e-07
999	6.59955e-07
1000	6.53533e-07
