1	1
2	0.505182
3	0.340078
4	0.170863
5	0.120552
6	0.167253
7	0.152802
8	0.145759
9	0.128698
10	0.0839228
11	0.0756671
12	0.0698211
13	0.0737677
14	0.0743211
15	0.0627347
16	0.0486025
17	0.042875
18	0.0457339
19	0.0445225
20	0.0394782
21	0.0339745
22	0.0319088
23	0.0312817
24	0.0316548
25	0.0287786
26	0.0234888
27	0.0218
28	0.0231325
29	0.0237063
30	0.0223353
31	0.0188983
32	0.0162973
33	0.0164044
34	0.0173968
35	0.0172407
36	0.0155661
37	0.013304
38	0.0126285
39	0.0130401
40	0.0132481
41	0.0126664
42	0.0113918
43	0.0103278
44	0.0102224
45	0.010422
46	0.0103285
47	0.00972979
48	0.00879462
49	0.00820741
50	0.00806133
51	0.00809477
52	0.00804491
53	0.00774757
54	0.00723736
55	0.00690364
56	0.00678423
57	0.00673003
58	0.00671726
59	0.00666536
60	0.00651981
61	0.00634116
62	0.00628342
63	0.0062868
64	0.00625271
65	0.00619892
66	0.00616805
67	0.00612727
68	0.00608146
69	0.00606291
70	0.00606469
71	0.00605544
72	0.00602673
73	0.005991
74	0.00596959
75	0.00595613
76	0.00594174
77	0.00592874
78	0.00591788
79	0.00590216
80	0.00588356
81	0.00586147
82	0.00583982
83	0.00581968
84	0.0057989
85	0.00577967
86	0.00576134
87	0.0057421
88	0.00572211
89	0.00570031
90	0.00567778
91	0.00565605
92	0.00563483
93	0.00561387
94	0.00559319
95	0.00557181
96	0.00555016
97	0.00552906
98	0.00550884
99	0.00548892
100	0.00546884
101	0.00545
102	0.00543077
103	0.00541173
104	0.00539426
105	0.00537638
106	0.00535929
107	0.00534232
108	0.00532582
109	0.00531057
110	0.00529649
111	0.00528214
112	0.00526791
113	0.00525433
114	0.00524223
115	0.00523042
116	0.00521901
117	0.00520771
118	0.00519658
119	0.00518592
120	0.00517546
121	0.0051658
122	0.00515637
123	0.00514712
124	0.00513771
125	0.0051284
126	0.00511913
127	0.00511007
128	0.00510119
129	0.00509245
130	0.00508317
131	0.00507404
132	0.00506509
133	0.00505636
134	0.00504681
135	0.00503772
136	0.00502854
137	0.00501926
138	0.00500949
139	0.00500003
140	0.00499035
141	0.00498089
142	0.00497153
143	0.00496229
144	0.00495267
145	0.00494264
146	0.00493327
147	0.00492406
148	0.00491464
149	0.00490496
150	0.00489579
151	0.00488692
152	0.00487784
153	0.00486886
154	0.00486013
155	0.00485114
156	0.0048417
157	0.00483269
158	0.00482353
159	0.00481415
160	0.00480441
161	0.00479495
162	0.00478524
163	0.00477507
164	0.00476445
165	0.00475381
166	0.00474283
167	0.00473144
168	0.00471942
169	0.00470731
170	0.00469462
171	0.00468129
172	0.00466767
173	0.0046537
174	0.00463889
175	0.00462353
176	0.0046077
177	0.00459128
178	0.00457432
179	0.00455698
180	0.00453919
181	0.00452093
182	0.00450206
183	0.00448239
184	0.00446214
185	0.00444172
186	0.00442093
187	0.0043995
188	0.00437779
189	0.00435554
190	0.00433246
191	0.00430902
192	0.00428538
193	0.00426148
194	0.0042372
195	0.00421256
196	0.00418758
197	0.00416239
198	0.00413689
199	0.00411117
200	0.00408514
201	0.00405868
202	0.00403204
203	0.00400522
204	0.00397831
205	0.00395128
206	0.00392407
207	0.00389666
208	0.00386925
209	0.00384177
210	0.00381429
211	0.00378669
212	0.0037591
213	0.00373152
214	0.00370397
215	0.00367656
216	0.00364931
217	0.00362206
218	0.00359475
219	0.00356756
220	0.00354071
221	0.00351408
222	0.0034875
223	0.00346114
224	0.00343487
225	0.00340867
226	0.00338261
227	0.00335692
228	0.00333155
229	0.00330644
230	0.00328154
231	0.00325681
232	0.00323246
233	0.00320829
234	0.00318433
235	0.00316066
236	0.00313748
237	0.00311454
238	0.00309181
239	0.00306937
240	0.00304712
241	0.00302526
242	0.00300363
243	0.00298223
244	0.00296114
245	0.00294036
246	0.00291969
247	0.00289929
248	0.00287905
249	0.00285906
250	0.0028393
251	0.00281976
252	0.00280048
253	0.0027815
254	0.00276276
255	0.00274408
256	0.00272562
257	0.00270738
258	0.0026893
259	0.00267146
260	0.00265379
261	0.00263623
262	0.00261882
263	0.00260152
264	0.00258434
265	0.00256737
266	0.0025506
267	0.00253385
268	0.00251724
269	0.00250085
270	0.00248448
271	0.00246817
272	0.00245207
273	0.00243609
274	0.00242012
275	0.0024042
276	0.00238847
277	0.00237287
278	0.0023573
279	0.00234176
280	0.00232633
281	0.00231104
282	0.00229575
283	0.00228053
284	0.00226534
285	0.00225023
286	0.00223534
287	0.00222053
288	0.00220577
289	0.00219109
290	0.00217649
291	0.00216198
292	0.00214764
293	0.00213347
294	0.0021194
295	0.00210536
296	0.00209138
297	0.00207751
298	0.00206369
299	0.00204999
300	0.00203646
301	0.00202302
302	0.0020097
303	0.00199648
304	0.00198336
305	0.00197035
306	0.00195736
307	0.00194443
308	0.00193164
309	0.00191894
310	0.00190629
311	0.00189373
312	0.00188121
313	0.00186874
314	0.0018564
315	0.00184412
316	0.00183186
317	0.00181963
318	0.00180745
319	0.00179526
320	0.00178317
321	0.00177111
322	0.00175912
323	0.00174718
324	0.00173532
325	0.00172355
326	0.0017118
327	0.0017001
328	0.00168843
329	0.00167683
330	0.00166527
331	0.00165378
332	0.00164232
333	0.00163088
334	0.00161947
335	0.00160813
336	0.00159681
337	0.00158552
338	0.00157431
339	0.00156316
340	0.00155203
341	0.00154099
342	0.00152997
343	0.00151896
344	0.00150798
345	0.00149706
346	0.00148623
347	0.00147543
348	0.00146469
349	0.001454
350	0.00144339
351	0.00143283
352	0.00142229
353	0.00141185
354	0.00140148
355	0.00139118
356	0.00138098
357	0.00137082
358	0.00136072
359	0.00135068
360	0.0013407
361	0.00133082
362	0.00132099
363	0.00131127
364	0.00130162
365	0.00129207
366	0.00128259
367	0.00127317
368	0.00126383
369	0.0012546
370	0.00124549
371	0.00123648
372	0.00122758
373	0.00121877
374	0.00121003
375	0.00120142
376	0.00119295
377	0.00118459
378	0.00117632
379	0.00116815
380	0.00116008
381	0.00115202
382	0.0011441
383	0.0011363
384	0.00112863
385	0.00112104
386	0.0011135
387	0.00110601
388	0.00109864
389	0.00109137
390	0.00108416
391	0.00107702
392	0.00106994
393	0.00106293
394	0.00105601
395	0.0010491
396	0.00104224
397	0.0010354
398	0.00102858
399	0.00102179
400	0.00101499
401	0.00100821
402	0.00100145
403	0.00099465
404	0.00098783
405	0.000980986
406	0.00097407
407	0.000967091
408	0.000960041
409	0.000952877
410	0.000945587
411	0.00093818
412	0.000930609
413	0.000922887
414	0.000915079
415	0.000907158
416	0.000899131
417	0.000891008
418	0.000882785
419	0.000874449
420	0.000866
421	0.000857468
422	0.000848852
423	0.000840155
424	0.000831375
425	0.000822511
426	0.000813592
427	0.000804601
428	0.000795569
429	0.000786483
430	0.00077737
431	0.000768207
432	0.000759
433	0.000749786
434	0.00074055
435	0.000731334
436	0.000722128
437	0.000712921
438	0.000703732
439	0.000694547
440	0.000685416
441	0.000676278
442	0.000667193
443	0.000658132
444	0.000649137
445	0.000640168
446	0.000631264
447	0.000622402
448	0.000613617
449	0.000604912
450	0.000596261
451	0.000587693
452	0.000579207
453	0.000570811
454	0.000562514
455	0.000554301
456	0.000546189
457	0.000538186
458	0.000530292
459	0.000522508
460	0.000514825
461	0.000507275
462	0.000499834
463	0.000492501
464	0.000485282
465	0.000478201
466	0.000471235
467	0.000464406
468	0.000457707
469	0.000451134
470	0.000444686
471	0.000438371
472	0.000432187
473	0.00042612
474	0.000420187
475	0.00041437
476	0.000408685
477	0.000403111
478	0.000397679
479	0.000392374
480	0.000387195
481	0.000382134
482	0.000376831
483	0.000371736
484	0.000367089
485	0.000362753
486	0.000358453
487	0.000354097
488	0.000349775
489	0.000345613
490	0.000341669
491	0.000337864
492	0.000334126
493	0.000330444
494	0.00032684
495	0.000323365
496	0.000320023
497	0.000316765
498	0.000313593
499	0.000310477
500	0.000307443
501	0.000304519
502	0.000301684
503	0.000298945
504	0.000296253
505	0.000293635
506	0.000291094
507	0.000288639
508	0.000286247
509	0.000283927
510	0.000281662
511	0.000279442
512	0.000277276
513	0.000275169
514	0.000273116
515	0.000271123
516	0.00026918
517	0.000267292
518	0.000265437
519	0.000263627
520	0.000261857
521	0.000260121
522	0.000258407
523	0.000256729
524	0.000255091
525	0.000253472
526	0.000251878
527	0.000250293
528	0.000248713
529	0.000247149
530	0.000245602
531	0.000244069
532	0.000242558
533	0.000241048
534	0.000239541
535	0.000238028
536	0.00023654
537	0.000235048
538	0.000233551
539	0.000232054
540	0.000230549
541	0.000229044
542	0.000227531
543	0.000226014
544	0.000224482
545	0.000222929
546	0.000221381
547	0.000219828
548	0.000218273
549	0.000216703
550	0.000215131
551	0.000213549
552	0.000211974
553	0.000210387
554	0.000208792
555	0.000207196
556	0.000205606
557	0.000204017
558	0.000202426
559	0.000200833
560	0.000199239
561	0.000197651
562	0.000196071
563	0.000194502
564	0.000192938
565	0.000191377
566	0.000189815
567	0.000188255
568	0.000186713
569	0.000185177
570	0.000183648
571	0.000182129
572	0.000180626
573	0.000179116
574	0.000177619
575	0.000176133
576	0.000174661
577	0.000173199
578	0.000171757
579	0.000170319
580	0.000168894
581	0.000167489
582	0.00016609
583	0.000164702
584	0.000163345
585	0.000161989
586	0.000160654
587	0.000159328
588	0.00015803
589	0.000156743
590	0.00015547
591	0.000154208
592	0.000152972
593	0.000151741
594	0.000150536
595	0.000149332
596	0.000148148
597	0.000146974
598	0.000145828
599	0.00014469
600	0.000143571
601	0.000142464
602	0.000141372
603	0.000140304
604	0.000139249
605	0.000138205
606	0.000137167
607	0.000136156
608	0.000135161
609	0.000134177
610	0.000133209
611	0.00013227
612	0.000131328
613	0.000130403
614	0.000129504
615	0.000128615
616	0.000127739
617	0.000126881
618	0.000126038
619	0.000125215
620	0.00012415
621	0.000123181
622	0.000122428
623	0.00012179
624	0.000121117
625	0.000120326
626	0.000119507
627	0.00011875
628	0.000118077
629	0.000117432
630	0.000116768
631	0.000116082
632	0.000115403
633	0.000114759
634	0.000114135
635	0.000113518
636	0.000112906
637	0.000112294
638	0.000111701
639	0.000111123
640	0.000110549
641	0.000109996
642	0.000109447
643	0.000108895
644	0.000108359
645	0.000107832
646	0.000107318
647	0.000106811
648	0.000106309
649	0.00010582
650	0.000105335
651	0.000104847
652	0.000104363
653	0.000103897
654	0.000103438
655	0.000102975
656	0.000102521
657	0.000102076
658	0.000101631
659	0.000101197
660	0.000100764
661	0.000100291
662	9.98327e-05
663	9.94049e-05
664	9.90023e-05
665	9.86014e-05
666	9.81815e-05
667	9.77591e-05
668	9.73466e-05
669	9.69399e-05
670	9.65449e-05
671	9.61422e-05
672	9.57421e-05
673	9.53417e-05
674	9.49498e-05
675	9.45546e-05
676	9.41594e-05
677	9.37817e-05
678	9.34029e-05
679	9.30231e-05
680	9.26398e-05
681	9.2263e-05
682	9.19024e-05
683	9.15369e-05
684	9.11608e-05
685	9.08061e-05
686	9.04445e-05
687	9.00775e-05
688	8.97116e-05
689	8.93424e-05
690	8.89775e-05
691	8.86112e-05
692	8.82503e-05
693	8.7896e-05
694	8.75447e-05
695	8.71899e-05
696	8.68332e-05
697	8.64719e-05
698	8.61166e-05
699	8.57539e-05
700	8.53936e-05
701	8.5039e-05
702	8.46809e-05
703	8.43206e-05
704	8.39449e-05
705	8.35803e-05
706	8.32194e-05
707	8.28575e-05
708	8.2503e-05
709	8.21333e-05
710	8.17689e-05
711	8.13987e-05
712	8.11654e-05
713	8.08964e-05
714	8.05392e-05
715	8.01215e-05
716	7.97346e-05
717	7.93841e-05
718	7.90534e-05
719	7.87122e-05
720	7.83563e-05
721	7.79791e-05
722	7.76121e-05
723	7.72541e-05
724	7.69084e-05
725	7.65446e-05
726	7.61846e-05
727	7.58184e-05
728	7.54593e-05
729	7.51006e-05
730	7.47417e-05
731	7.43773e-05
732	7.40134e-05
733	7.3649e-05
734	7.32845e-05
735	7.2925e-05
736	7.25651e-05
737	7.17374e-05
738	7.10531e-05
739	7.07113e-05
740	7.0557e-05
741	7.03467e-05
742	6.99317e-05
743	6.94116e-05
744	6.89629e-05
745	6.86237e-05
746	6.83407e-05
747	6.80226e-05
748	6.76491e-05
749	6.72476e-05
750	6.68684e-05
751	6.65228e-05
752	6.61873e-05
753	6.58367e-05
754	6.54854e-05
755	6.51165e-05
756	6.47547e-05
757	6.44048e-05
758	6.40527e-05
759	6.3709e-05
760	6.33636e-05
761	6.30071e-05
762	6.26598e-05
763	6.23071e-05
764	6.19623e-05
765	6.16167e-05
766	6.12798e-05
767	6.09309e-05
768	6.05943e-05
769	6.02456e-05
770	5.99066e-05
771	5.95645e-05
772	5.92272e-05
773	5.88922e-05
774	5.85493e-05
775	5.82109e-05
776	5.7879e-05
777	5.75427e-05
778	5.72071e-05
779	5.68764e-05
780	5.65427e-05
781	5.62099e-05
782	5.58813e-05
783	5.55526e-05
784	5.52251e-05
785	5.48961e-05
786	5.45759e-05
787	5.42445e-05
788	5.39243e-05
789	5.35973e-05
790	5.32463e-05
791	5.28906e-05
792	5.25533e-05
793	5.22398e-05
794	5.19196e-05
795	5.16058e-05
796	5.1279e-05
797	5.09592e-05
798	5.06332e-05
799	5.03099e-05
800	4.99939e-05
801	4.96876e-05
802	4.93655e-05
803	4.90569e-05
804	4.87406e-05
805	4.84387e-05
806	4.81214e-05
807	4.78248e-05
808	4.75166e-05
809	4.72061e-05
810	4.68907e-05
811	4.65928e-05
812	4.62806e-05
813	4.59828e-05
814	4.56714e-05
815	4.53734e-05
816	4.50695e-05
817	4.47748e-05
818	4.44763e-05
819	4.4179e-05
820	4.38847e-05
821	4.35903e-05
822	4.3294e-05
823	4.30052e-05
824	4.27127e-05
825	4.24289e-05
826	4.2134e-05
827	4.18399e-05
828	4.1561e-05
829	4.12792e-05
830	4.09873e-05
831	4.07116e-05
832	4.04284e-05
833	4.01453e-05
834	3.98601e-05
835	3.95901e-05
836	3.93083e-05
837	3.90335e-05
838	3.87528e-05
839	3.84832e-05
840	3.82114e-05
841	3.79476e-05
842	3.77994e-05
843	3.76318e-05
844	3.73694e-05
845	3.7061e-05
846	3.67655e-05
847	3.65323e-05
848	3.6304e-05
849	3.5553e-05
850	3.49213e-05
851	3.46611e-05
852	3.46294e-05
853	3.45856e-05
854	3.43108e-05
855	3.39006e-05
856	3.35309e-05
857	3.33098e-05
858	3.3164e-05
859	3.29928e-05
860	3.27414e-05
861	3.24644e-05
862	3.22081e-05
863	3.19909e-05
864	3.17947e-05
865	3.15915e-05
866	3.13765e-05
867	3.1146e-05
868	3.09335e-05
869	3.0726e-05
870	3.05256e-05
871	3.03262e-05
872	3.01185e-05
873	2.9921e-05
874	2.97153e-05
875	2.95195e-05
876	2.93249e-05
877	2.91328e-05
878	2.89305e-05
879	2.87464e-05
880	2.85509e-05
881	2.83742e-05
882	2.81786e-05
883	2.80004e-05
884	2.78105e-05
885	2.76347e-05
886	2.74448e-05
887	2.7275e-05
888	2.71001e-05
889	2.69366e-05
890	2.67504e-05
891	2.65927e-05
892	2.64401e-05
893	2.62641e-05
894	2.60794e-05
895	2.58929e-05
896	2.5722e-05
897	2.5558e-05
898	2.53868e-05
899	2.52221e-05
900	2.50574e-05
901	2.49093e-05
902	2.47535e-05
903	2.46084e-05
904	2.44571e-05
905	2.43166e-05
906	2.417e-05
907	2.40336e-05
908	2.38972e-05
909	2.37699e-05
910	2.36373e-05
911	2.35152e-05
912	2.33846e-05
913	2.32673e-05
914	2.31488e-05
915	2.30301e-05
916	2.29161e-05
917	2.28121e-05
918	2.27021e-05
919	2.2596e-05
920	2.24836e-05
921	2.23834e-05
922	2.22779e-05
923	2.21686e-05
924	2.20672e-05
925	2.19617e-05
926	2.18604e-05
927	2.17582e-05
928	2.16629e-05
929	2.15673e-05
930	2.14699e-05
931	2.13722e-05
932	2.1276e-05
933	2.11824e-05
934	2.10873e-05
935	2.09941e-05
936	2.08987e-05
937	2.08152e-05
938	2.07172e-05
939	2.06284e-05
940	2.05326e-05
941	2.04424e-05
942	2.03502e-05
943	2.02581e-05
944	2.01647e-05
945	2.0079e-05
946	1.99917e-05
947	1.98988e-05
948	1.98112e-05
949	1.97227e-05
950	1.96377e-05
951	1.95511e-05
952	1.94644e-05
953	1.93804e-05
954	1.92919e-05
955	1.92092e-05
956	1.91232e-05
957	1.90439e-05
958	1.89615e-05
959	1.8881e-05
960	1.88007e-05
961	1.79818e-05
962	1.73402e-05
963	1.73492e-05
964	1.77165e-05
965	1.78083e-05
966	1.75576e-05
967	1.72014e-05
968	1.71245e-05
969	1.72179e-05
970	1.72919e-05
971	1.72281e-05
972	1.70684e-05
973	1.69246e-05
974	1.68524e-05
975	1.68337e-05
976	1.68112e-05
977	1.67499e-05
978	1.66694e-05
979	1.65879e-05
980	1.65267e-05
981	1.64744e-05
982	1.64313e-05
983	1.63749e-05
984	1.63159e-05
985	1.62569e-05
986	1.62025e-05
987	1.61505e-05
988	1.61009e-05
989	1.60483e-05
990	1.59938e-05
991	1.59437e-05
992	1.58921e-05
993	1.58426e-05
994	1.57958e-05
995	1.57492e-05
996	1.57015e-05
997	1.56547e-05
998	1.56067e-05
999	1.55613e-05
1000	1.55149e-05
