1	0.00434683
2	0.00333184
3	0.00207901
4	0.00101362
5	0.000707789
6	0.00145121
7	0.00121133
8	0.000713597
9	0.00114709
10	0.000413124
11	0.000474037
12	0.000511824
13	0.000522116
14	0.000489182
15	0.000518671
16	0.00044333
17	0.00033377
18	0.000311212
19	0.000321065
20	0.000302751
21	0.000290418
22	0.000286046
23	0.00026762
24	0.000244599
25	0.000227983
26	0.000207073
27	0.000202089
28	0.000214103
29	0.000218355
30	0.000204418
31	0.000181374
32	7.90047e-05
33	7.85739e-05
34	0.000173683
35	8.4209e-05
36	8.04984e-05
37	7.31967e-05
38	6.86637e-05
39	6.85349e-05
40	6.9335e-05
41	6.9609e-05
42	6.76095e-05
43	6.355e-05
44	6.08931e-05
45	6.05824e-05
46	6.03217e-05
47	5.94536e-05
48	5.81755e-05
49	5.64166e-05
50	5.47323e-05
51	5.40242e-05
52	5.38399e-05
53	5.34172e-05
54	5.26405e-05
55	5.1747e-05
56	5.1022e-05
57	5.06382e-05
58	5.04919e-05
59	5.0334e-05
60	5.00589e-05
61	4.96901e-05
62	4.93445e-05
63	4.91091e-05
64	4.8934e-05
65	4.87667e-05
66	4.85922e-05
67	4.84163e-05
68	4.82566e-05
69	4.81158e-05
70	4.79757e-05
71	4.78251e-05
72	4.7671e-05
73	4.75236e-05
74	4.7382e-05
75	4.72438e-05
76	4.70961e-05
77	4.69351e-05
78	4.67678e-05
79	4.65899e-05
80	4.64016e-05
81	4.62021e-05
82	4.59973e-05
83	4.57859e-05
84	4.55686e-05
85	4.53469e-05
86	4.51217e-05
87	4.48933e-05
88	4.46645e-05
89	4.44299e-05
90	4.41868e-05
91	4.39465e-05
92	4.37075e-05
93	4.34722e-05
94	4.32379e-05
95	4.30037e-05
96	4.27669e-05
97	4.25338e-05
98	4.23047e-05
99	4.20789e-05
100	4.18533e-05
101	4.16293e-05
102	4.1408e-05
103	4.11914e-05
104	4.09795e-05
105	4.07735e-05
106	4.05718e-05
107	4.03762e-05
108	4.01888e-05
109	4.00035e-05
110	3.98218e-05
111	3.96475e-05
112	3.9477e-05
113	3.93144e-05
114	3.91617e-05
115	3.90159e-05
116	3.8878e-05
117	3.87477e-05
118	3.86239e-05
119	3.85091e-05
120	3.84023e-05
121	3.83032e-05
122	3.82086e-05
123	3.81178e-05
124	3.80279e-05
125	3.79431e-05
126	3.78631e-05
127	3.77887e-05
128	3.77166e-05
129	3.76412e-05
130	3.75653e-05
131	3.74923e-05
132	3.74195e-05
133	3.73534e-05
134	3.72919e-05
135	3.72298e-05
136	3.71669e-05
137	3.71031e-05
138	3.70379e-05
139	3.69728e-05
140	3.69068e-05
141	3.68381e-05
142	3.6769e-05
143	3.66999e-05
144	3.66295e-05
145	3.65584e-05
146	3.6488e-05
147	3.64198e-05
148	3.63531e-05
149	3.62851e-05
150	3.62174e-05
151	3.61506e-05
152	3.60847e-05
153	3.60207e-05
154	3.59585e-05
155	3.58977e-05
156	3.58379e-05
157	3.57792e-05
158	3.57223e-05
159	3.56636e-05
160	3.56039e-05
161	3.55428e-05
162	3.54798e-05
163	3.54137e-05
164	3.53445e-05
165	3.5273e-05
166	3.52001e-05
167	3.51247e-05
168	3.50471e-05
169	3.49642e-05
170	3.4877e-05
171	3.47873e-05
172	3.46951e-05
173	3.46005e-05
174	3.45026e-05
175	3.43992e-05
176	3.42899e-05
177	3.41763e-05
178	3.40598e-05
179	3.39408e-05
180	3.38179e-05
181	3.36915e-05
182	3.35621e-05
183	3.34299e-05
184	3.32945e-05
185	3.31571e-05
186	3.30173e-05
187	3.28743e-05
188	3.27269e-05
189	3.25765e-05
190	3.24246e-05
191	3.22716e-05
192	3.21167e-05
193	3.19585e-05
194	3.17967e-05
195	3.16314e-05
196	3.14631e-05
197	3.12896e-05
198	3.11116e-05
199	3.09309e-05
200	3.07461e-05
201	3.05584e-05
202	3.03678e-05
203	3.01743e-05
204	2.99777e-05
205	2.9778e-05
206	2.95752e-05
207	2.93705e-05
208	2.91632e-05
209	2.8953e-05
210	2.8741e-05
211	2.85268e-05
212	2.83109e-05
213	2.80926e-05
214	2.78721e-05
215	2.76503e-05
216	2.74283e-05
217	2.72072e-05
218	2.69864e-05
219	2.67647e-05
220	2.65424e-05
221	2.63204e-05
222	2.60992e-05
223	2.58797e-05
224	2.56616e-05
225	2.54449e-05
226	2.523e-05
227	2.50177e-05
228	2.48073e-05
229	2.45994e-05
230	2.4393e-05
231	2.41875e-05
232	2.3983e-05
233	2.37809e-05
234	2.35818e-05
235	2.33846e-05
236	2.31907e-05
237	2.30004e-05
238	2.28125e-05
239	2.26265e-05
240	2.24423e-05
241	2.22605e-05
242	2.20811e-05
243	2.19042e-05
244	2.17301e-05
245	2.1558e-05
246	2.13881e-05
247	2.12198e-05
248	2.1053e-05
249	2.0888e-05
250	2.07253e-05
251	2.05654e-05
252	2.04085e-05
253	2.02536e-05
254	2.01014e-05
255	1.99521e-05
256	1.98059e-05
257	1.9662e-05
258	1.95203e-05
259	1.9381e-05
260	1.92452e-05
261	1.91122e-05
262	1.89812e-05
263	1.88518e-05
264	1.87233e-05
265	1.85963e-05
266	1.84714e-05
267	1.83475e-05
268	1.82244e-05
269	1.81024e-05
270	1.79816e-05
271	1.78619e-05
272	1.7743e-05
273	1.76248e-05
274	1.75083e-05
275	1.73928e-05
276	1.72777e-05
277	1.71633e-05
278	1.70496e-05
279	1.69364e-05
280	1.68238e-05
281	1.67112e-05
282	1.65996e-05
283	1.6489e-05
284	1.63787e-05
285	1.62693e-05
286	1.61607e-05
287	1.60528e-05
288	1.59457e-05
289	1.58393e-05
290	1.57341e-05
291	1.56301e-05
292	1.55274e-05
293	1.5426e-05
294	1.53259e-05
295	1.52268e-05
296	1.51288e-05
297	1.50318e-05
298	1.49367e-05
299	1.48424e-05
300	1.47492e-05
301	1.46575e-05
302	1.45671e-05
303	1.44782e-05
304	1.43898e-05
305	1.43019e-05
306	1.42142e-05
307	1.41262e-05
308	1.40379e-05
309	1.39499e-05
310	1.38621e-05
311	1.37739e-05
312	1.36856e-05
313	1.35971e-05
314	1.35087e-05
315	1.34198e-05
316	1.33306e-05
317	1.32411e-05
318	1.3151e-05
319	1.30602e-05
320	1.29695e-05
321	1.28782e-05
322	1.27867e-05
323	1.26946e-05
324	1.26023e-05
325	1.25098e-05
326	1.24166e-05
327	1.2323e-05
328	1.22292e-05
329	1.21354e-05
330	1.20411e-05
331	1.19462e-05
332	1.1851e-05
333	1.17555e-05
334	1.16596e-05
335	1.15634e-05
336	1.14674e-05
337	1.13716e-05
338	1.12755e-05
339	1.11794e-05
340	1.10833e-05
341	1.09872e-05
342	1.08908e-05
343	1.07947e-05
344	1.06989e-05
345	1.06029e-05
346	1.05072e-05
347	1.04121e-05
348	1.03171e-05
349	1.02224e-05
350	1.01281e-05
351	1.00347e-05
352	9.94189e-06
353	9.8497e-06
354	9.75802e-06
355	9.66728e-06
356	9.57726e-06
357	9.48787e-06
358	9.39954e-06
359	9.31211e-06
360	9.22549e-06
361	9.13984e-06
362	9.05485e-06
363	8.97084e-06
364	8.88742e-06
365	8.80505e-06
366	8.72372e-06
367	8.64337e-06
368	8.56388e-06
369	8.48542e-06
370	8.4081e-06
371	8.33168e-06
372	8.25622e-06
373	8.18186e-06
374	8.10885e-06
375	8.0369e-06
376	7.96608e-06
377	7.89645e-06
378	7.82775e-06
379	7.75997e-06
380	7.69345e-06
381	7.62817e-06
382	7.56417e-06
383	7.50132e-06
384	7.43956e-06
385	7.37866e-06
386	7.31867e-06
387	7.26027e-06
388	7.20282e-06
389	7.14641e-06
390	7.09073e-06
391	7.03589e-06
392	6.9817e-06
393	6.92824e-06
394	6.87545e-06
395	6.82353e-06
396	6.77235e-06
397	6.72172e-06
398	6.67161e-06
399	6.62188e-06
400	6.57225e-06
401	6.52269e-06
402	6.47311e-06
403	6.42336e-06
404	6.37339e-06
405	6.32297e-06
406	6.27218e-06
407	6.22097e-06
408	6.16924e-06
409	6.1171e-06
410	6.06481e-06
411	6.01164e-06
412	5.95783e-06
413	5.90366e-06
414	5.84928e-06
415	5.79463e-06
416	5.73959e-06
417	5.68402e-06
418	5.62805e-06
419	5.5718e-06
420	5.51543e-06
421	5.45861e-06
422	5.40177e-06
423	5.34448e-06
424	5.28692e-06
425	5.22922e-06
426	5.17139e-06
427	5.11369e-06
428	5.05574e-06
429	4.99768e-06
430	4.93966e-06
431	4.88164e-06
432	4.82369e-06
433	4.76576e-06
434	4.70801e-06
435	4.65029e-06
436	4.5928e-06
437	4.53558e-06
438	4.47844e-06
439	4.42157e-06
440	4.36479e-06
441	4.30838e-06
442	4.25222e-06
443	4.1964e-06
444	4.14093e-06
445	4.08581e-06
446	4.03108e-06
447	3.97676e-06
448	3.92282e-06
449	3.86934e-06
450	3.8165e-06
451	3.76409e-06
452	3.71228e-06
453	3.66102e-06
454	3.61041e-06
455	3.5605e-06
456	3.51111e-06
457	3.46237e-06
458	3.41418e-06
459	3.36672e-06
460	3.31994e-06
461	3.27387e-06
462	3.22844e-06
463	3.18385e-06
464	3.13987e-06
465	3.09665e-06
466	3.05405e-06
467	3.01218e-06
468	2.97115e-06
469	2.93078e-06
470	2.89117e-06
471	2.85224e-06
472	2.81406e-06
473	2.77664e-06
474	2.73998e-06
475	2.70409e-06
476	2.66889e-06
477	2.6344e-06
478	2.60068e-06
479	2.56779e-06
480	2.53552e-06
481	2.50119e-06
482	2.4683e-06
483	2.43848e-06
484	2.4107e-06
485	2.38299e-06
486	2.35462e-06
487	2.32634e-06
488	2.29908e-06
489	2.27316e-06
490	2.24825e-06
491	2.2237e-06
492	2.19942e-06
493	2.17551e-06
494	2.1523e-06
495	2.12992e-06
496	2.10816e-06
497	2.08687e-06
498	2.06583e-06
499	2.04538e-06
500	2.02532e-06
501	2.00586e-06
502	1.98688e-06
503	1.96823e-06
504	1.94993e-06
505	1.93204e-06
506	1.91455e-06
507	1.89738e-06
508	1.88062e-06
509	1.86399e-06
510	1.84783e-06
511	1.832e-06
512	1.8165e-06
513	1.80137e-06
514	1.78652e-06
515	1.77183e-06
516	1.75739e-06
517	1.74316e-06
518	1.72917e-06
519	1.71543e-06
520	1.70191e-06
521	1.68849e-06
522	1.67526e-06
523	1.66219e-06
524	1.64927e-06
525	1.63646e-06
526	1.62377e-06
527	1.61113e-06
528	1.59861e-06
529	1.58616e-06
530	1.57372e-06
531	1.56137e-06
532	1.54907e-06
533	1.53676e-06
534	1.52448e-06
535	1.51215e-06
536	1.49985e-06
537	1.48759e-06
538	1.4753e-06
539	1.46299e-06
540	1.45066e-06
541	1.4384e-06
542	1.42604e-06
543	1.41378e-06
544	1.40155e-06
545	1.38939e-06
546	1.37728e-06
547	1.3652e-06
548	1.35316e-06
549	1.34122e-06
550	1.32932e-06
551	1.3174e-06
552	1.30557e-06
553	1.2938e-06
554	1.28218e-06
555	1.27061e-06
556	1.25918e-06
557	1.24775e-06
558	1.23647e-06
559	1.22519e-06
560	1.21411e-06
561	1.20301e-06
562	1.19201e-06
563	1.18104e-06
564	1.17024e-06
565	1.15951e-06
566	1.14888e-06
567	1.13831e-06
568	1.12786e-06
569	1.11745e-06
570	1.10724e-06
571	1.0971e-06
572	1.08706e-06
573	1.07712e-06
574	1.06731e-06
575	1.05761e-06
576	1.04804e-06
577	1.03853e-06
578	1.02917e-06
579	1.01984e-06
580	1.01066e-06
581	1.00155e-06
582	9.92637e-07
583	9.83742e-07
584	9.74992e-07
585	9.66337e-07
586	9.577e-07
587	9.49245e-07
588	9.40894e-07
589	9.32602e-07
590	9.24443e-07
591	9.16301e-07
592	9.08307e-07
593	9.00379e-07
594	8.92666e-07
595	8.85019e-07
596	8.77504e-07
597	8.70066e-07
598	8.62716e-07
599	8.55465e-07
600	8.48388e-07
601	8.41345e-07
602	8.3447e-07
603	8.27659e-07
604	8.20955e-07
605	8.14306e-07
606	8.07802e-07
607	8.01394e-07
608	7.95166e-07
609	7.88927e-07
610	7.82911e-07
611	7.76963e-07
612	7.71227e-07
613	7.65488e-07
614	7.59965e-07
615	7.54405e-07
616	7.4906e-07
617	7.43716e-07
618	7.38518e-07
619	7.31748e-07
620	7.25627e-07
621	7.20888e-07
622	7.16946e-07
623	7.1271e-07
624	7.07798e-07
625	7.02549e-07
626	6.97874e-07
627	6.93624e-07
628	6.89655e-07
629	6.85518e-07
630	6.81292e-07
631	6.76992e-07
632	6.73017e-07
633	6.69135e-07
634	6.65399e-07
635	6.61603e-07
636	6.57846e-07
637	6.54086e-07
638	6.50536e-07
639	6.46956e-07
640	6.43579e-07
641	6.40059e-07
642	6.36733e-07
643	6.33317e-07
644	6.30107e-07
645	6.26847e-07
646	6.23746e-07
647	6.20509e-07
648	6.17511e-07
649	6.14372e-07
650	6.11454e-07
651	6.08442e-07
652	6.05559e-07
653	6.02622e-07
654	5.99779e-07
655	5.96943e-07
656	5.94187e-07
657	5.9135e-07
658	5.88655e-07
659	5.85645e-07
660	5.82797e-07
661	5.80128e-07
662	5.77714e-07
663	5.75127e-07
664	5.72638e-07
665	5.69941e-07
666	5.67478e-07
667	5.64864e-07
668	5.62511e-07
669	5.59945e-07
670	5.57611e-07
671	5.55079e-07
672	5.52765e-07
673	5.50292e-07
674	5.48066e-07
675	5.45635e-07
676	5.43425e-07
677	5.41048e-07
678	5.38892e-07
679	5.36514e-07
680	5.34416e-07
681	5.32106e-07
682	5.29949e-07
683	5.27641e-07
684	5.25594e-07
685	5.23353e-07
686	5.21349e-07
687	5.19086e-07
688	5.17075e-07
689	5.14822e-07
690	5.12774e-07
691	5.10546e-07
692	5.08607e-07
693	5.06418e-07
694	5.04414e-07
695	5.02209e-07
696	5.00235e-07
697	4.98039e-07
698	4.96109e-07
699	4.93928e-07
700	4.91869e-07
701	4.89717e-07
702	4.87769e-07
703	4.85538e-07
704	4.83628e-07
705	4.81468e-07
706	4.79533e-07
707	4.77378e-07
708	4.75474e-07
709	9.97855e-07
710	9.95331e-07
711	9.91991e-07
712	9.8799e-07
713	9.82836e-07
714	9.78558e-07
715	9.74265e-07
716	9.70884e-07
717	9.66792e-07
718	9.62929e-07
719	9.58347e-07
720	9.5439e-07
721	9.50115e-07
722	9.46397e-07
723	9.42028e-07
724	9.38197e-07
725	9.33733e-07
726	9.29827e-07
727	9.25434e-07
728	9.21687e-07
729	9.17251e-07
730	9.13394e-07
731	9.08993e-07
732	9.05134e-07
733	9.00804e-07
734	8.96938e-07
735	8.92468e-07
736	8.82582e-07
737	8.7358e-07
738	8.70077e-07
739	8.68909e-07
740	8.67166e-07
741	8.62055e-07
742	8.56285e-07
743	8.5082e-07
744	8.47302e-07
745	8.43961e-07
746	8.40597e-07
747	8.35928e-07
748	8.31646e-07
749	8.27039e-07
750	8.23408e-07
751	8.19476e-07
752	8.1586e-07
753	8.1146e-07
754	8.07694e-07
755	8.0338e-07
756	7.99694e-07
757	7.95561e-07
758	7.91835e-07
759	7.87611e-07
760	7.83912e-07
761	7.79734e-07
762	7.76006e-07
763	7.71859e-07
764	7.68159e-07
765	7.63994e-07
766	7.60271e-07
767	7.56098e-07
768	7.52364e-07
769	7.48278e-07
770	7.44543e-07
771	7.40333e-07
772	7.36628e-07
773	7.32371e-07
774	7.28742e-07
775	7.24596e-07
776	7.20931e-07
777	7.16716e-07
778	7.13064e-07
779	7.09013e-07
780	7.05243e-07
781	7.0107e-07
782	6.97438e-07
783	6.93333e-07
784	6.89761e-07
785	6.85645e-07
786	6.82042e-07
787	6.77931e-07
788	6.74172e-07
789	6.69816e-07
790	6.6613e-07
791	6.62087e-07
792	6.58554e-07
793	6.54532e-07
794	6.50948e-07
795	6.46828e-07
796	6.43287e-07
797	6.39206e-07
798	6.35691e-07
799	6.31684e-07
800	6.28218e-07
801	6.24147e-07
802	6.2076e-07
803	6.16704e-07
804	6.13281e-07
805	6.09345e-07
806	6.05925e-07
807	6.01999e-07
808	5.98651e-07
809	5.9466e-07
810	5.91321e-07
811	5.87451e-07
812	5.84152e-07
813	5.80253e-07
814	5.76966e-07
815	5.73077e-07
816	5.69799e-07
817	5.65989e-07
818	5.62696e-07
819	5.58933e-07
820	5.55676e-07
821	5.51919e-07
822	5.48659e-07
823	5.44917e-07
824	5.41765e-07
825	5.38023e-07
826	5.34853e-07
827	5.31189e-07
828	5.28093e-07
829	5.24389e-07
830	5.21245e-07
831	5.17661e-07
832	5.14613e-07
833	5.11011e-07
834	5.07916e-07
835	5.04375e-07
836	5.01332e-07
837	4.97726e-07
838	4.94724e-07
839	4.91215e-07
840	4.8825e-07
841	4.84776e-07
842	4.81862e-07
843	4.78393e-07
844	4.75524e-07
845	9.9653e-07
846	9.93673e-07
847	9.88938e-07
848	9.83219e-07
849	9.57553e-07
850	9.37981e-07
851	9.32027e-07
852	9.36563e-07
853	9.3637e-07
854	9.29443e-07
855	9.16833e-07
856	9.07907e-07
857	9.01973e-07
858	8.99635e-07
859	8.9463e-07
860	8.88597e-07
861	8.80547e-07
862	8.74623e-07
863	8.68619e-07
864	8.6444e-07
865	8.58482e-07
866	8.53257e-07
867	8.46784e-07
868	8.41687e-07
869	8.35777e-07
870	8.31231e-07
871	8.25493e-07
872	8.20654e-07
873	8.14837e-07
874	8.10225e-07
875	8.04722e-07
876	8.00297e-07
877	7.94723e-07
878	7.90239e-07
879	7.84836e-07
880	7.8057e-07
881	7.75143e-07
882	7.71052e-07
883	7.65828e-07
884	7.6173e-07
885	7.56541e-07
886	7.52639e-07
887	7.45894e-07
888	7.42023e-07
889	7.37848e-07
890	7.34232e-07
891	7.29666e-07
892	7.25755e-07
893	7.21278e-07
894	7.17478e-07
895	7.13343e-07
896	7.09678e-07
897	7.05564e-07
898	7.01849e-07
899	6.97654e-07
900	6.94154e-07
901	6.90322e-07
902	6.86886e-07
903	6.83185e-07
904	6.80398e-07
905	6.76426e-07
906	6.73315e-07
907	6.69886e-07
908	6.6682e-07
909	6.63243e-07
910	6.60054e-07
911	6.56572e-07
912	6.53737e-07
913	6.50485e-07
914	6.47737e-07
915	6.44487e-07
916	6.41694e-07
917	6.38668e-07
918	6.36189e-07
919	6.33388e-07
920	6.3061e-07
921	6.27591e-07
922	6.24932e-07
923	6.22026e-07
924	6.19617e-07
925	6.16832e-07
926	6.145e-07
927	6.11818e-07
928	6.09445e-07
929	6.06682e-07
930	6.04579e-07
931	6.01928e-07
932	5.99723e-07
933	5.97202e-07
934	5.94959e-07
935	5.9239e-07
936	5.90202e-07
937	5.87714e-07
938	5.85643e-07
939	5.83251e-07
940	5.81091e-07
941	5.78716e-07
942	5.76507e-07
943	5.74052e-07
944	5.72001e-07
945	5.69645e-07
946	5.67586e-07
947	5.65277e-07
948	5.63179e-07
949	5.60804e-07
950	5.58793e-07
951	5.56484e-07
952	5.54533e-07
953	5.52175e-07
954	5.50139e-07
955	5.47922e-07
956	5.45931e-07
957	5.43707e-07
958	5.41794e-07
959	5.39603e-07
960	5.37638e-07
961	5.11808e-07
962	4.90805e-07
963	4.88261e-07
964	4.98558e-07
965	5.0606e-07
966	5.03266e-07
967	4.93869e-07
968	4.8654e-07
969	4.84496e-07
970	4.86162e-07
971	4.86538e-07
972	4.84376e-07
973	4.80154e-07
974	4.76851e-07
975	9.96809e-07
976	4.77167e-07
977	9.97606e-07
978	9.94939e-07
979	9.92118e-07
980	9.88989e-07
981	9.84877e-07
982	9.81427e-07
983	9.78165e-07
984	9.75983e-07
985	9.73259e-07
986	9.70723e-07
987	9.67653e-07
988	9.64894e-07
989	9.62009e-07
990	9.59707e-07
991	9.57164e-07
992	9.54991e-07
993	9.52049e-07
994	9.49783e-07
995	9.47156e-07
996	9.44969e-07
997	9.42321e-07
998	9.40238e-07
999	9.37511e-07
1000	9.3549e-07
