1	1
2	0.462373
3	0.371663
4	0.182677
5	0.0266461
6	0.14264
7	0.117737
8	0.0346338
9	0.0910817
10	0.0514446
11	0.0240628
12	0.0493436
13	0.0245523
14	0.0215474
15	0.0312703
16	0.0141522
17	0.0133716
18	0.015694
19	0.00641895
20	0.0113046
21	0.0116603
22	0.00608059
23	0.00689744
24	0.00617177
25	0.00478918
26	0.00630304
27	0.00557624
28	0.0046526
29	0.00457195
30	0.00415596
31	0.00416405
32	0.00436293
33	0.00410073
34	0.00388243
35	0.00372875
36	0.0035868
37	0.00362674
38	0.00361514
39	0.00351436
40	0.00341042
41	0.00332616
42	0.0032759
43	0.00327463
44	0.00324621
45	0.00319467
46	0.00314504
47	0.00310579
48	0.00308478
49	0.00307146
50	0.0030496
51	0.00302549
52	0.00300714
53	0.00298885
54	0.00297313
55	0.00295866
56	0.00294682
57	0.00293731
58	0.00292511
59	0.00291163
60	0.00290051
61	0.00288901
62	0.00287835
63	0.00286754
64	0.00285594
65	0.00284348
66	0.00283049
67	0.00281809
68	0.00280668
69	0.0027955
70	0.00278399
71	0.00277184
72	0.00275916
73	0.00274626
74	0.00273339
75	0.00272076
76	0.00270836
77	0.00269608
78	0.00268367
79	0.00267098
80	0.00265815
81	0.0026453
82	0.00263246
83	0.00261958
84	0.0026067
85	0.00259385
86	0.00258105
87	0.00256824
88	0.00255544
89	0.00254258
90	0.00252969
91	0.0025168
92	0.0025039
93	0.00249103
94	0.00247814
95	0.0024653
96	0.00245243
97	0.00243956
98	0.00242668
99	0.00241381
100	0.00240094
101	0.00238808
102	0.00237524
103	0.00236243
104	0.00234962
105	0.00233684
106	0.00232403
107	0.00231123
108	0.00229847
109	0.00228572
110	0.00227299
111	0.00226029
112	0.00224758
113	0.00223488
114	0.00222222
115	0.00220958
116	0.00219695
117	0.00218433
118	0.00217172
119	0.00215907
120	0.00214642
121	0.00213379
122	0.00212114
123	0.00210848
124	0.00209581
125	0.00208314
126	0.00207045
127	0.00205778
128	0.00204512
129	0.00203246
130	0.00201978
131	0.0020071
132	0.00199442
133	0.00198176
134	0.0019691
135	0.00195645
136	0.0019438
137	0.00193116
138	0.00191852
139	0.00190588
140	0.00189326
141	0.00188064
142	0.00186802
143	0.00185542
144	0.00184284
145	0.00183025
146	0.00181768
147	0.00180513
148	0.0017926
149	0.00178008
150	0.00176758
151	0.0017551
152	0.00174262
153	0.00173017
154	0.00171775
155	0.00170536
156	0.00169299
157	0.00168063
158	0.0016683
159	0.00165599
160	0.0016437
161	0.00163145
162	0.00161923
163	0.00160703
164	0.00159486
165	0.00158271
166	0.0015706
167	0.00155852
168	0.00154649
169	0.00153448
170	0.00152249
171	0.00151053
172	0.00149861
173	0.00148671
174	0.00147485
175	0.00146303
176	0.00145125
177	0.0014395
178	0.00142777
179	0.00141608
180	0.00140443
181	0.0013928
182	0.00138121
183	0.00136966
184	0.00135814
185	0.00134667
186	0.00133522
187	0.00132381
188	0.00131244
189	0.00130112
190	0.00128983
191	0.00127858
192	0.00126738
193	0.00125621
194	0.0012451
195	0.00123402
196	0.00122299
197	0.001212
198	0.00120106
199	0.00119016
200	0.00117932
201	0.00116852
202	0.00115777
203	0.00114707
204	0.00113641
205	0.0011258
206	0.00111524
207	0.00110472
208	0.00109425
209	0.00108383
210	0.00107346
211	0.00106314
212	0.00105287
213	0.00104265
214	0.00103248
215	0.00102236
216	0.00101228
217	0.00100226
218	0.000992302
219	0.000982386
220	0.000972529
221	0.000962721
222	0.000952965
223	0.000943266
224	0.000933621
225	0.000924023
226	0.000914482
227	0.000904995
228	0.00089556
229	0.000886172
230	0.000876837
231	0.000867552
232	0.000858319
233	0.000849135
234	0.000839998
235	0.000830914
236	0.000821878
237	0.000812891
238	0.000803953
239	0.000795071
240	0.000786236
241	0.000777446
242	0.00076871
243	0.000760027
244	0.000751394
245	0.000742814
246	0.000734279
247	0.000725793
248	0.000717359
249	0.000708977
250	0.000700646
251	0.000692368
252	0.000684143
253	0.000675969
254	0.000667849
255	0.000659778
256	0.000651759
257	0.000643787
258	0.000635872
259	0.000628006
260	0.000620198
261	0.000612443
262	0.000604745
263	0.000597103
264	0.000589516
265	0.000581987
266	0.000574517
267	0.000567104
268	0.000559749
269	0.000552452
270	0.000545211
271	0.000538029
272	0.000530905
273	0.000523845
274	0.000516849
275	0.000509911
276	0.000503035
277	0.000496218
278	0.000489461
279	0.000482768
280	0.000476139
281	0.00046957
282	0.000463068
283	0.000456632
284	0.000450261
285	0.000443957
286	0.000437717
287	0.000431543
288	0.000425439
289	0.000419405
290	0.000413438
291	0.000407535
292	0.000401702
293	0.000395934
294	0.000390235
295	0.000384603
296	0.000379038
297	0.000373537
298	0.000368102
299	0.000362733
300	0.000357434
301	0.000352198
302	0.000347024
303	0.000341918
304	0.000336872
305	0.000331889
306	0.000326973
307	0.000322124
308	0.000317339
309	0.000312616
310	0.000307958
311	0.00030336
312	0.000298825
313	0.000294355
314	0.000289949
315	0.000285606
316	0.000281323
317	0.000277099
318	0.000272937
319	0.000268836
320	0.000264797
321	0.000260822
322	0.000256907
323	0.000253051
324	0.000249256
325	0.00024552
326	0.000241849
327	0.000238236
328	0.000234684
329	0.000231192
330	0.000227761
331	0.000224389
332	0.000221076
333	0.000217825
334	0.000214633
335	0.000211498
336	0.000208419
337	0.000205399
338	0.000202436
339	0.000199532
340	0.000196684
341	0.000193891
342	0.000191153
343	0.00018847
344	0.000185841
345	0.000183268
346	0.000180751
347	0.000178286
348	0.000175873
349	0.000173516
350	0.000171208
351	0.000168954
352	0.000166752
353	0.000164601
354	0.000162501
355	0.000160449
356	0.000158448
357	0.000156496
358	0.00015459
359	0.000152729
360	0.000150916
361	0.000149145
362	0.000147419
363	0.00014574
364	0.000144106
365	0.000142513
366	0.000140962
367	0.000139451
368	0.000137978
369	0.000136544
370	0.000135147
371	0.000133784
372	0.000132457
373	0.000131163
374	0.0001299
375	0.000128669
376	0.000127467
377	0.000126295
378	0.00012515
379	0.000124037
380	0.000122949
381	0.00012189
382	0.000120857
383	0.000119848
384	0.000118864
385	0.000117905
386	0.000116969
387	0.000116057
388	0.000115166
389	0.000114304
390	0.000113461
391	0.00011264
392	0.00011184
393	0.000111063
394	0.000110306
395	0.000109569
396	0.000108852
397	0.000108154
398	0.000107477
399	0.000106816
400	0.000106176
401	0.000105552
402	0.000104948
403	0.000104358
404	0.000103787
405	0.000103231
406	0.000102695
407	0.000102172
408	0.000101666
409	0.000101175
410	0.000100701
411	0.000100245
412	9.98058e-05
413	9.93805e-05
414	9.89701e-05
415	9.85751e-05
416	9.8194e-05
417	9.78263e-05
418	9.74715e-05
419	9.71294e-05
420	9.68012e-05
421	9.64852e-05
422	9.61813e-05
423	9.58898e-05
424	9.56078e-05
425	9.53379e-05
426	9.50782e-05
427	9.48286e-05
428	9.45903e-05
429	9.43604e-05
430	9.41407e-05
431	9.39289e-05
432	9.37262e-05
433	9.35317e-05
434	9.33436e-05
435	9.3161e-05
436	9.29869e-05
437	9.28189e-05
438	9.26558e-05
439	9.2496e-05
440	9.234e-05
441	9.21872e-05
442	9.20371e-05
443	9.18892e-05
444	9.1743e-05
445	9.1597e-05
446	9.14506e-05
447	9.13038e-05
448	9.11575e-05
449	9.10101e-05
450	9.0862e-05
451	9.07121e-05
452	9.056e-05
453	9.04047e-05
454	9.02487e-05
455	9.00878e-05
456	8.99247e-05
457	8.97578e-05
458	8.95874e-05
459	8.94124e-05
460	8.92346e-05
461	8.90527e-05
462	8.88679e-05
463	8.86786e-05
464	8.84859e-05
465	8.82887e-05
466	8.80891e-05
467	8.78855e-05
468	8.76791e-05
469	8.74684e-05
470	8.72536e-05
471	8.70344e-05
472	8.6812e-05
473	8.65852e-05
474	8.6356e-05
475	8.61221e-05
476	8.58845e-05
477	8.56427e-05
478	8.53984e-05
479	8.51492e-05
480	8.48973e-05
481	8.46418e-05
482	8.43678e-05
483	8.40958e-05
484	8.3839e-05
485	8.35897e-05
486	8.33335e-05
487	8.30638e-05
488	8.27849e-05
489	8.25054e-05
490	8.22292e-05
491	8.19525e-05
492	8.16716e-05
493	8.13854e-05
494	8.10953e-05
495	8.08023e-05
496	8.05098e-05
497	8.02148e-05
498	7.99175e-05
499	7.96163e-05
500	7.93139e-05
501	7.90087e-05
502	7.87022e-05
503	7.83939e-05
504	7.80836e-05
505	7.77709e-05
506	7.74565e-05
507	7.71404e-05
508	7.6823e-05
509	7.65039e-05
510	7.61836e-05
511	7.58616e-05
512	7.55387e-05
513	7.52147e-05
514	7.48892e-05
515	7.45632e-05
516	7.42353e-05
517	7.39055e-05
518	7.35763e-05
519	7.32464e-05
520	7.29158e-05
521	7.25836e-05
522	7.22505e-05
523	7.19166e-05
524	7.1583e-05
525	7.12478e-05
526	7.09133e-05
527	7.05769e-05
528	7.02407e-05
529	6.99039e-05
530	6.95674e-05
531	6.92298e-05
532	6.88926e-05
533	6.85546e-05
534	6.82167e-05
535	6.78779e-05
536	6.75404e-05
537	6.72017e-05
538	6.68641e-05
539	6.65251e-05
540	6.61875e-05
541	6.58493e-05
542	6.55123e-05
543	6.51744e-05
544	6.48374e-05
545	6.44997e-05
546	6.41634e-05
547	6.38268e-05
548	6.34909e-05
549	6.31543e-05
550	6.2819e-05
551	6.24836e-05
552	6.21495e-05
553	6.18147e-05
554	6.14806e-05
555	6.11468e-05
556	6.08143e-05
557	6.04819e-05
558	6.0151e-05
559	5.98196e-05
560	5.949e-05
561	5.91601e-05
562	5.88318e-05
563	5.85037e-05
564	5.81766e-05
565	5.78502e-05
566	5.75252e-05
567	5.72004e-05
568	5.68772e-05
569	5.65544e-05
570	5.62331e-05
571	5.59123e-05
572	5.55932e-05
573	5.52747e-05
574	5.49578e-05
575	5.46412e-05
576	5.43265e-05
577	5.40121e-05
578	5.36996e-05
579	5.33879e-05
580	5.30775e-05
581	5.27677e-05
582	5.24602e-05
583	5.21528e-05
584	5.18473e-05
585	5.15421e-05
586	5.12396e-05
587	5.09371e-05
588	5.06368e-05
589	5.03366e-05
590	5.00386e-05
591	4.97407e-05
592	4.94451e-05
593	4.91502e-05
594	4.88575e-05
595	4.8565e-05
596	4.82751e-05
597	4.79854e-05
598	4.76981e-05
599	4.74109e-05
600	4.7126e-05
601	4.68415e-05
602	4.6559e-05
603	4.62769e-05
604	4.5997e-05
605	4.57177e-05
606	4.54405e-05
607	4.51635e-05
608	4.48886e-05
609	4.46142e-05
610	4.43418e-05
611	4.40697e-05
612	4.37997e-05
613	4.35308e-05
614	4.32635e-05
615	4.29969e-05
616	4.27326e-05
617	4.24685e-05
618	4.22065e-05
619	4.19455e-05
620	4.16735e-05
621	4.14067e-05
622	4.11602e-05
623	4.09254e-05
624	4.06893e-05
625	4.04448e-05
626	4.01954e-05
627	3.99479e-05
628	3.97066e-05
629	3.94691e-05
630	3.92325e-05
631	3.89942e-05
632	3.87558e-05
633	3.8518e-05
634	3.82836e-05
635	3.80503e-05
636	3.78187e-05
637	3.75865e-05
638	3.73558e-05
639	3.71255e-05
640	3.68976e-05
641	3.667e-05
642	3.64444e-05
643	3.6219e-05
644	3.59951e-05
645	3.5772e-05
646	3.55508e-05
647	3.53297e-05
648	3.51103e-05
649	3.48915e-05
650	3.46742e-05
651	3.44574e-05
652	3.42419e-05
653	3.40276e-05
654	3.38146e-05
655	3.36018e-05
656	3.3391e-05
657	3.31805e-05
658	3.29719e-05
659	3.27634e-05
660	3.25567e-05
661	3.23495e-05
662	3.21445e-05
663	3.19404e-05
664	3.17383e-05
665	3.15366e-05
666	3.13365e-05
667	3.11361e-05
668	3.09382e-05
669	3.07404e-05
670	3.05446e-05
671	3.03491e-05
672	3.01555e-05
673	2.99621e-05
674	2.97703e-05
675	2.95791e-05
676	2.93897e-05
677	2.92002e-05
678	2.90129e-05
679	2.88254e-05
680	2.86401e-05
681	2.84548e-05
682	2.82713e-05
683	2.80886e-05
684	2.79073e-05
685	2.77263e-05
686	2.75467e-05
687	2.73679e-05
688	2.71905e-05
689	2.70133e-05
690	2.6838e-05
691	2.66626e-05
692	2.64894e-05
693	2.63169e-05
694	2.61455e-05
695	2.59748e-05
696	2.58055e-05
697	2.56366e-05
698	2.54694e-05
699	2.53028e-05
700	2.51374e-05
701	2.49722e-05
702	2.48091e-05
703	2.46458e-05
704	2.44841e-05
705	2.43231e-05
706	2.41633e-05
707	2.40038e-05
708	2.3846e-05
709	2.36886e-05
710	2.35327e-05
711	2.33768e-05
712	2.32224e-05
713	2.30681e-05
714	2.29157e-05
715	2.27635e-05
716	2.26128e-05
717	2.24622e-05
718	2.2313e-05
719	2.21641e-05
720	2.20168e-05
721	2.18697e-05
722	2.17243e-05
723	2.15789e-05
724	2.14349e-05
725	2.12911e-05
726	2.1149e-05
727	2.10067e-05
728	2.0866e-05
729	2.07256e-05
730	2.05865e-05
731	2.04473e-05
732	2.03099e-05
733	2.01725e-05
734	2.00366e-05
735	1.99008e-05
736	1.97666e-05
737	1.96252e-05
738	1.94887e-05
739	1.93679e-05
740	1.92581e-05
741	1.91459e-05
742	1.90269e-05
743	1.89023e-05
744	1.87792e-05
745	1.86601e-05
746	1.85449e-05
747	1.84288e-05
748	1.83124e-05
749	1.81941e-05
750	1.80771e-05
751	1.79606e-05
752	1.78461e-05
753	1.7731e-05
754	1.76175e-05
755	1.75027e-05
756	1.73894e-05
757	1.72758e-05
758	1.71639e-05
759	1.70513e-05
760	1.69405e-05
761	1.68291e-05
762	1.6719e-05
763	1.66087e-05
764	1.64998e-05
765	1.63901e-05
766	1.62824e-05
767	1.6174e-05
768	1.60672e-05
769	1.59601e-05
770	1.58543e-05
771	1.57476e-05
772	1.5643e-05
773	1.55378e-05
774	1.5434e-05
775	1.53299e-05
776	1.52272e-05
777	1.51241e-05
778	1.50224e-05
779	1.49205e-05
780	1.48198e-05
781	1.4719e-05
782	1.46196e-05
783	1.45196e-05
784	1.44211e-05
785	1.43223e-05
786	1.42249e-05
787	1.41271e-05
788	1.40307e-05
789	1.39337e-05
790	1.38375e-05
791	1.37413e-05
792	1.36468e-05
793	1.35521e-05
794	1.3459e-05
795	1.33652e-05
796	1.32726e-05
797	1.31798e-05
798	1.30883e-05
799	1.29967e-05
800	1.29064e-05
801	1.28158e-05
802	1.27261e-05
803	1.26368e-05
804	1.25485e-05
805	1.246e-05
806	1.23726e-05
807	1.22851e-05
808	1.21984e-05
809	1.21118e-05
810	1.20263e-05
811	1.19406e-05
812	1.18564e-05
813	1.17718e-05
814	1.16882e-05
815	1.16048e-05
816	1.15218e-05
817	1.14396e-05
818	1.13582e-05
819	1.12764e-05
820	1.1196e-05
821	1.11156e-05
822	1.1036e-05
823	1.09564e-05
824	1.0878e-05
825	1.0799e-05
826	1.07213e-05
827	1.06437e-05
828	1.05671e-05
829	1.04903e-05
830	1.04147e-05
831	1.03387e-05
832	1.02641e-05
833	1.01891e-05
834	1.01154e-05
835	1.00415e-05
836	9.96873e-06
837	9.89563e-06
838	9.8237e-06
839	9.75161e-06
840	9.68066e-06
841	9.60943e-06
842	9.53912e-06
843	9.46832e-06
844	9.39923e-06
845	9.33018e-06
846	9.26243e-06
847	9.19374e-06
848	9.12637e-06
849	9.05849e-06
850	8.99434e-06
851	8.9404e-06
852	8.89559e-06
853	8.84777e-06
854	8.79537e-06
855	8.73784e-06
856	8.68148e-06
857	8.62667e-06
858	8.57511e-06
859	8.52275e-06
860	8.47062e-06
861	8.41621e-06
862	8.36253e-06
863	8.30818e-06
864	8.25567e-06
865	8.20214e-06
866	8.14966e-06
867	8.09584e-06
868	8.04301e-06
869	7.98915e-06
870	7.9367e-06
871	7.88336e-06
872	7.831e-06
873	7.77799e-06
874	7.72587e-06
875	7.67288e-06
876	7.62117e-06
877	7.56852e-06
878	7.51692e-06
879	7.46488e-06
880	7.41363e-06
881	7.36172e-06
882	7.31073e-06
883	7.25898e-06
884	7.20831e-06
885	7.15706e-06
886	7.10674e-06
887	7.0558e-06
888	7.00611e-06
889	6.97177e-06
890	6.93499e-06
891	6.89632e-06
892	6.85938e-06
893	6.82173e-06
894	6.78576e-06
895	6.74816e-06
896	6.71112e-06
897	6.67245e-06
898	6.63468e-06
899	6.5959e-06
900	6.55841e-06
901	6.51898e-06
902	6.48087e-06
903	6.44116e-06
904	6.4023e-06
905	6.36238e-06
906	6.32359e-06
907	6.2836e-06
908	6.24442e-06
909	6.2043e-06
910	6.16499e-06
911	6.12458e-06
912	6.08504e-06
913	6.04466e-06
914	6.00496e-06
915	5.96463e-06
916	5.92515e-06
917	5.88459e-06
918	5.84502e-06
919	5.80141e-06
920	5.7587e-06
921	5.71549e-06
922	5.67296e-06
923	5.62992e-06
924	5.58833e-06
925	5.54584e-06
926	5.50436e-06
927	5.46237e-06
928	5.42121e-06
929	5.37986e-06
930	5.33924e-06
931	5.2982e-06
932	5.2578e-06
933	5.21737e-06
934	5.17756e-06
935	5.13752e-06
936	5.09822e-06
937	5.05867e-06
938	5.01976e-06
939	4.98079e-06
940	4.94278e-06
941	4.90429e-06
942	4.8665e-06
943	4.82852e-06
944	4.79123e-06
945	4.7538e-06
946	4.71705e-06
947	4.68004e-06
948	4.64376e-06
949	4.60738e-06
950	4.57164e-06
951	4.53587e-06
952	4.50063e-06
953	4.46516e-06
954	4.43052e-06
955	4.39561e-06
956	4.36123e-06
957	4.32694e-06
958	4.29319e-06
959	4.25939e-06
960	4.22609e-06
961	4.20456e-06
962	4.18224e-06
963	4.16209e-06
964	4.14603e-06
965	4.13108e-06
966	4.11394e-06
967	4.09386e-06
968	4.07178e-06
969	4.04982e-06
970	4.02961e-06
971	4.00998e-06
972	3.99054e-06
973	3.96962e-06
974	3.94805e-06
975	3.9258e-06
976	3.90385e-06
977	3.88181e-06
978	3.86004e-06
979	3.83773e-06
980	3.81523e-06
981	3.79244e-06
982	3.76962e-06
983	3.74647e-06
984	3.72378e-06
985	3.70061e-06
986	3.67757e-06
987	3.65432e-06
988	3.63117e-06
989	3.60766e-06
990	3.58456e-06
991	3.56102e-06
992	3.53764e-06
993	3.51406e-06
994	3.49077e-06
995	3.46711e-06
996	3.44374e-06
997	3.42021e-06
998	3.3969e-06
999	3.37344e-06
1000	3.35013e-06
