1	1
2	0.379383
3	0.198613
4	0.137525
5	0.12419
6	0.108615
7	0.0793816
8	0.0597475
9	0.0442885
10	0.0560678
11	0.0808263
12	0.0724335
13	0.0448189
14	0.0329233
15	0.0307252
16	0.0445344
17	0.057993
18	0.049318
19	0.0343725
20	0.0278977
21	0.0277398
22	0.0362898
23	0.039918
24	0.0338402
25	0.0275473
26	0.0244993
27	0.0243632
28	0.0276147
29	0.0279784
30	0.0250596
31	0.0223257
32	0.0207628
33	0.0205994
34	0.0211036
35	0.0209665
36	0.0198124
37	0.0185745
38	0.0177347
39	0.0173296
40	0.0170343
41	0.016712
42	0.0162461
43	0.0158192
44	0.0154223
45	0.0149389
46	0.0144262
47	0.0139657
48	0.0136268
49	0.0135342
50	0.0134736
51	0.0131266
52	0.0126282
53	0.0122745
54	0.0119801
55	0.0117761
56	0.0117681
57	0.0117512
58	0.0115607
59	0.0112206
60	0.0109738
61	0.0108178
62	0.0106631
63	0.0105919
64	0.0106256
65	0.0106243
66	0.0105154
67	0.0103358
68	0.0102026
69	0.0101191
70	0.0100551
71	0.0100358
72	0.010046
73	0.0100376
74	0.00998587
75	0.00990467
76	0.00982138
77	0.0097539
78	0.00970158
79	0.00965996
80	0.00962452
81	0.00958726
82	0.00954318
83	0.00949053
84	0.00943213
85	0.00937148
86	0.00930848
87	0.00924881
88	0.00918951
89	0.00913166
90	0.00907198
91	0.00900992
92	0.00894451
93	0.00887823
94	0.00881082
95	0.00874248
96	0.00867343
97	0.00860408
98	0.00853325
99	0.00846193
100	0.00839038
101	0.00831865
102	0.00824531
103	0.0081708
104	0.00809574
105	0.00801989
106	0.00794341
107	0.00786637
108	0.00778767
109	0.0077084
110	0.0076289
111	0.00754856
112	0.00746828
113	0.00738755
114	0.00730585
115	0.00722371
116	0.00714144
117	0.00705903
118	0.00697665
119	0.00689459
120	0.00681239
121	0.00672989
122	0.00664765
123	0.00656582
124	0.00648429
125	0.00640352
126	0.00632376
127	0.00624396
128	0.00616462
129	0.00608602
130	0.00600831
131	0.00593187
132	0.00585672
133	0.00578263
134	0.00570959
135	0.005638
136	0.00556759
137	0.00549843
138	0.00543068
139	0.0053645
140	0.00529903
141	0.00523516
142	0.00517255
143	0.00511106
144	0.00505114
145	0.00499248
146	0.00493482
147	0.00487874
148	0.00482379
149	0.00477002
150	0.00471763
151	0.00466668
152	0.00461671
153	0.00456805
154	0.00452065
155	0.00447464
156	0.00442977
157	0.00438641
158	0.00434412
159	0.00430295
160	0.0042634
161	0.00422493
162	0.00418771
163	0.00415172
164	0.00411647
165	0.00408221
166	0.00404851
167	0.00401574
168	0.00398358
169	0.00395202
170	0.00392102
171	0.00389095
172	0.0038615
173	0.0038327
174	0.00380434
175	0.00377634
176	0.00374882
177	0.00372172
178	0.00369518
179	0.00366898
180	0.00364309
181	0.00361745
182	0.00359249
183	0.0035678
184	0.00354331
185	0.00351907
186	0.00349508
187	0.00347115
188	0.00344737
189	0.00342388
190	0.00340034
191	0.00337711
192	0.00335378
193	0.00333042
194	0.00330727
195	0.00328421
196	0.00326105
197	0.00323788
198	0.00321452
199	0.00319115
200	0.00316794
201	0.00314462
202	0.00312132
203	0.00309791
204	0.00307422
205	0.00305047
206	0.00302672
207	0.00300286
208	0.00297893
209	0.00295497
210	0.00293084
211	0.00290657
212	0.00288217
213	0.00285779
214	0.00283329
215	0.0028088
216	0.0027842
217	0.00275944
218	0.00273465
219	0.00270981
220	0.00268494
221	0.00266013
222	0.00263525
223	0.00261032
224	0.0025853
225	0.0025603
226	0.00253539
227	0.0025106
228	0.00248573
229	0.00246081
230	0.00243607
231	0.00241145
232	0.00238691
233	0.00236233
234	0.00233799
235	0.00231375
236	0.00228961
237	0.00226556
238	0.00224169
239	0.00221802
240	0.00219454
241	0.00217138
242	0.00214836
243	0.00212554
244	0.00210286
245	0.00208048
246	0.00205828
247	0.00203638
248	0.00201476
249	0.00199346
250	0.00197234
251	0.00195141
252	0.00193077
253	0.0019105
254	0.00189048
255	0.00187068
256	0.00185116
257	0.00183188
258	0.00181292
259	0.00179424
260	0.00177596
261	0.00175794
262	0.00174018
263	0.00172264
264	0.00170548
265	0.00168853
266	0.00167194
267	0.0016555
268	0.00163936
269	0.00162338
270	0.00160774
271	0.00159228
272	0.00157719
273	0.00156225
274	0.00154756
275	0.00153298
276	0.00151867
277	0.00150462
278	0.00149071
279	0.00147707
280	0.00146358
281	0.00145026
282	0.00143711
283	0.00142429
284	0.00141157
285	0.00139908
286	0.00138678
287	0.00137462
288	0.00136274
289	0.00135102
290	0.00133947
291	0.00132805
292	0.00131674
293	0.0013056
294	0.00129453
295	0.00128359
296	0.00127275
297	0.00126197
298	0.00125126
299	0.00124058
300	0.00122996
301	0.00121946
302	0.00120899
303	0.0011985
304	0.00118801
305	0.00117759
306	0.00116721
307	0.00115685
308	0.00114648
309	0.00113606
310	0.00112564
311	0.0011152
312	0.00110479
313	0.00109434
314	0.00108392
315	0.00107345
316	0.001063
317	0.00105255
318	0.00104212
319	0.00103164
320	0.00102116
321	0.00101064
322	0.00100018
323	0.000989672
324	0.000979187
325	0.000968704
326	0.000958228
327	0.000947775
328	0.000937364
329	0.000926953
330	0.000916545
331	0.000906155
332	0.000895797
333	0.000885467
334	0.000875135
335	0.000864829
336	0.000854526
337	0.000844284
338	0.000834104
339	0.000823931
340	0.000813773
341	0.00080368
342	0.000793628
343	0.000783641
344	0.000773705
345	0.000763808
346	0.000753959
347	0.000744172
348	0.000734439
349	0.000724779
350	0.000715164
351	0.000705604
352	0.000696113
353	0.00068665
354	0.000677287
355	0.000667999
356	0.000658777
357	0.000649596
358	0.000640498
359	0.000631475
360	0.000622554
361	0.000613699
362	0.000604951
363	0.000596259
364	0.000587646
365	0.000579131
366	0.000570731
367	0.000562399
368	0.000554165
369	0.000546032
370	0.000538004
371	0.000530072
372	0.000522226
373	0.00051448
374	0.000506835
375	0.000499269
376	0.000491802
377	0.000484442
378	0.000477206
379	0.000470103
380	0.000463083
381	0.000456158
382	0.000449331
383	0.000442613
384	0.000436006
385	0.00042951
386	0.000423111
387	0.000416835
388	0.00041064
389	0.000404554
390	0.000398527
391	0.000392649
392	0.000386896
393	0.000381189
394	0.000375607
395	0.00037013
396	0.000364737
397	0.000359453
398	0.000354285
399	0.000349154
400	0.000344164
401	0.000339294
402	0.000334464
403	0.000329729
404	0.000325123
405	0.000320579
406	0.000316125
407	0.000311759
408	0.000307467
409	0.000303283
410	0.000299168
411	0.000295116
412	0.000291158
413	0.000287301
414	0.000283506
415	0.000279796
416	0.000276159
417	0.000272598
418	0.00026913
419	0.000265716
420	0.000262387
421	0.000259125
422	0.000255931
423	0.000252808
424	0.00024976
425	0.000246795
426	0.000243897
427	0.000241044
428	0.000238265
429	0.000235569
430	0.000232942
431	0.000230355
432	0.000227846
433	0.000225385
434	0.000222997
435	0.000220663
436	0.000218383
437	0.000216178
438	0.000214024
439	0.000211931
440	0.00020989
441	0.000207908
442	0.000205964
443	0.000204102
444	0.00020229
445	0.000200524
446	0.000198807
447	0.000197121
448	0.000195509
449	0.000193916
450	0.000192392
451	0.000190906
452	0.000189473
453	0.000188081
454	0.000186744
455	0.000185426
456	0.000184166
457	0.000182946
458	0.000181764
459	0.000180604
460	0.000179513
461	0.000178456
462	0.000177437
463	0.000176457
464	0.000175512
465	0.000174584
466	0.000173693
467	0.000172835
468	0.000171991
469	0.000171171
470	0.000170367
471	0.000169603
472	0.000168846
473	0.000168122
474	0.000167389
475	0.000166704
476	0.000166017
477	0.000165365
478	0.000164721
479	0.000164102
480	0.000163492
481	0.000162911
482	0.000161915
483	0.000161058
484	0.000160577
485	0.000160283
486	0.0001599
487	0.000159299
488	0.000158634
489	0.000158086
490	0.000157664
491	0.000157275
492	0.00015682
493	0.000156312
494	0.000155818
495	0.000155381
496	0.000154979
497	0.000154579
498	0.000154154
499	0.000153723
500	0.000153325
501	0.000152941
502	0.000152568
503	0.000152199
504	0.000151819
505	0.000151437
506	0.000151068
507	0.00015072
508	0.000150363
509	0.000150029
510	0.00014967
511	0.000149326
512	0.00014899
513	0.000148655
514	0.000148327
515	0.00014801
516	0.000147676
517	0.000147339
518	0.000147018
519	0.000146705
520	0.00014639
521	0.000146072
522	0.000145747
523	0.000145428
524	0.000145126
525	0.000144795
526	0.000144481
527	0.000144145
528	0.000143827
529	0.00014349
530	0.000143169
531	0.00014283
532	0.000142488
533	0.000142154
534	0.000141808
535	0.000141447
536	0.000141102
537	0.000140747
538	0.000140382
539	0.000140014
540	0.000139657
541	0.000139281
542	0.000138909
543	0.000138535
544	0.000138152
545	0.000137769
546	0.00013737
547	0.000136977
548	0.000136583
549	0.000136184
550	0.000135779
551	0.000135358
552	0.000134948
553	0.000134525
554	0.000134104
555	0.000133673
556	0.00013325
557	0.000132818
558	0.000132372
559	0.00013191
560	0.000131472
561	0.00013102
562	0.000130554
563	0.000130096
564	0.000129635
565	0.000129172
566	0.000128704
567	0.00012823
568	0.000127755
569	0.000127274
570	0.00012679
571	0.00012631
572	0.000125836
573	0.000125358
574	0.000124881
575	0.000124397
576	0.000123912
577	0.000123425
578	0.000122935
579	0.000122441
580	0.00012195
581	0.000121466
582	0.000120975
583	0.00012047
584	0.000119994
585	0.0001195
586	0.000119015
587	0.000118516
588	0.000118033
589	0.000117532
590	0.000117045
591	0.00011656
592	0.000116073
593	0.000115584
594	0.000115098
595	0.000114614
596	0.000114131
597	0.00011365
598	0.000113162
599	0.000112689
600	0.000112211
601	0.00011173
602	0.000111232
603	0.000110772
604	0.00011029
605	0.000109823
606	0.000109354
607	0.000108887
608	0.000108416
609	0.000107949
610	0.000107473
611	0.00010701
612	0.000106547
613	0.000106094
614	0.000105622
615	0.000105149
616	0.000104693
617	0.000104251
618	0.000103783
619	0.000103334
620	0.000102216
621	0.000101291
622	0.000100957
623	0.000100911
624	0.000100687
625	0.000100119
626	9.94216e-05
627	9.8891e-05
628	9.85399e-05
629	9.8245e-05
630	9.78331e-05
631	9.73346e-05
632	9.68263e-05
633	9.63864e-05
634	9.59949e-05
635	9.55978e-05
636	9.51698e-05
637	9.47223e-05
638	9.42738e-05
639	9.38438e-05
640	9.34283e-05
641	9.30054e-05
642	9.25722e-05
643	9.21386e-05
644	9.16987e-05
645	9.12877e-05
646	9.08629e-05
647	9.04506e-05
648	9.00277e-05
649	8.96125e-05
650	8.91858e-05
651	8.87619e-05
652	8.8344e-05
653	8.793e-05
654	8.75211e-05
655	8.71014e-05
656	8.66948e-05
657	8.62838e-05
658	8.5875e-05
659	8.54705e-05
660	8.50626e-05
661	8.48781e-05
662	8.46262e-05
663	8.41904e-05
664	8.36489e-05
665	8.31758e-05
666	8.28195e-05
667	8.24931e-05
668	8.2117e-05
669	8.16839e-05
670	8.12416e-05
671	8.08303e-05
672	8.04596e-05
673	8.00791e-05
674	7.96889e-05
675	7.9283e-05
676	7.88804e-05
677	7.84936e-05
678	7.81015e-05
679	7.77287e-05
680	7.73314e-05
681	7.6949e-05
682	7.65566e-05
683	7.61757e-05
684	7.57887e-05
685	7.5414e-05
686	7.50194e-05
687	7.46335e-05
688	7.42497e-05
689	7.38641e-05
690	7.34852e-05
691	7.31036e-05
692	7.27136e-05
693	7.23387e-05
694	7.19669e-05
695	7.15792e-05
696	7.11936e-05
697	7.08287e-05
698	7.04495e-05
699	7.00866e-05
700	6.97125e-05
701	6.93347e-05
702	6.8961e-05
703	6.85959e-05
704	6.82255e-05
705	6.78557e-05
706	6.74823e-05
707	6.71069e-05
708	6.67363e-05
709	6.638e-05
710	6.60055e-05
711	6.56476e-05
712	6.52636e-05
713	6.48838e-05
714	6.45356e-05
715	6.42008e-05
716	6.38379e-05
717	6.3486e-05
718	6.31247e-05
719	6.27601e-05
720	6.24083e-05
721	6.20594e-05
722	6.17043e-05
723	6.13498e-05
724	6.09948e-05
725	6.06524e-05
726	6.02975e-05
727	5.99647e-05
728	5.96097e-05
729	5.9265e-05
730	5.89122e-05
731	5.85666e-05
732	5.82297e-05
733	5.78819e-05
734	5.75327e-05
735	5.71909e-05
736	5.68616e-05
737	5.57087e-05
738	5.47788e-05
739	5.45701e-05
740	5.47339e-05
741	5.46933e-05
742	5.42344e-05
743	5.36078e-05
744	5.31483e-05
745	5.2926e-05
746	5.27677e-05
747	5.25082e-05
748	5.21357e-05
749	5.17362e-05
750	5.14001e-05
751	5.11439e-05
752	5.08974e-05
753	5.05931e-05
754	5.02648e-05
755	4.99329e-05
756	4.96331e-05
757	4.93495e-05
758	4.90572e-05
759	4.87631e-05
760	4.84622e-05
761	4.81613e-05
762	4.78597e-05
763	4.75773e-05
764	4.72884e-05
765	4.6997e-05
766	4.66986e-05
767	4.6414e-05
768	4.61291e-05
769	4.58435e-05
770	4.55555e-05
771	4.52684e-05
772	4.4993e-05
773	4.47184e-05
774	4.44312e-05
775	4.41551e-05
776	4.38811e-05
777	4.35972e-05
778	4.33179e-05
779	4.30472e-05
780	4.27645e-05
781	4.25003e-05
782	4.22289e-05
783	4.19514e-05
784	4.16908e-05
785	4.14093e-05
786	4.11501e-05
787	4.08772e-05
788	4.06152e-05
789	4.03563e-05
790	4.03207e-05
791	4.0227e-05
792	3.99286e-05
793	3.95405e-05
794	3.92082e-05
795	3.8995e-05
796	3.88188e-05
797	3.86029e-05
798	3.83174e-05
799	3.8024e-05
800	3.77638e-05
801	3.75333e-05
802	3.73154e-05
803	3.70724e-05
804	3.68115e-05
805	3.65644e-05
806	3.63187e-05
807	3.60779e-05
808	3.58563e-05
809	3.5611e-05
810	3.53626e-05
811	3.51231e-05
812	3.48855e-05
813	3.46635e-05
814	3.44363e-05
815	3.42018e-05
816	3.39507e-05
817	3.37426e-05
818	3.35155e-05
819	3.32844e-05
820	3.30658e-05
821	3.28464e-05
822	3.2622e-05
823	3.23965e-05
824	3.21747e-05
825	3.19544e-05
826	3.17385e-05
827	3.15228e-05
828	3.13105e-05
829	3.10963e-05
830	3.08818e-05
831	3.06728e-05
832	3.04645e-05
833	3.0254e-05
834	3.00474e-05
835	2.9845e-05
836	2.96424e-05
837	2.94374e-05
838	2.92314e-05
839	2.90307e-05
840	2.88299e-05
841	2.86279e-05
842	2.84187e-05
843	2.82018e-05
844	2.80123e-05
845	2.78294e-05
846	2.76502e-05
847	2.74581e-05
848	2.72722e-05
849	2.6257e-05
850	2.54782e-05
851	2.53941e-05
852	2.57247e-05
853	2.58371e-05
854	2.55281e-05
855	2.50362e-05
856	2.47027e-05
857	2.4609e-05
858	2.46188e-05
859	2.45274e-05
860	2.43145e-05
861	2.40584e-05
862	2.38859e-05
863	2.37713e-05
864	2.36777e-05
865	2.35365e-05
866	2.33703e-05
867	2.31876e-05
868	2.30368e-05
869	2.29038e-05
870	2.27734e-05
871	2.26257e-05
872	2.24851e-05
873	2.2337e-05
874	2.21994e-05
875	2.20687e-05
876	2.19444e-05
877	2.18082e-05
878	2.16623e-05
879	2.15372e-05
880	2.14068e-05
881	2.1271e-05
882	2.11446e-05
883	2.10159e-05
884	2.08807e-05
885	2.07561e-05
886	2.06336e-05
887	2.05035e-05
888	2.03894e-05
889	2.02443e-05
890	2.01085e-05
891	2.00104e-05
892	1.9921e-05
893	1.98089e-05
894	1.97007e-05
895	1.95831e-05
896	1.94843e-05
897	1.93858e-05
898	1.92796e-05
899	1.91659e-05
900	1.90577e-05
901	1.91881e-05
902	1.90269e-05
903	1.89663e-05
904	1.89297e-05
905	1.88581e-05
906	1.87392e-05
907	1.86028e-05
908	1.85047e-05
909	1.84166e-05
910	1.83424e-05
911	1.82473e-05
912	1.81406e-05
913	1.80358e-05
914	1.79408e-05
915	1.78528e-05
916	1.77721e-05
917	1.76721e-05
918	1.75806e-05
919	1.74978e-05
920	1.74023e-05
921	1.7301e-05
922	1.71993e-05
923	1.70841e-05
924	1.70067e-05
925	1.69106e-05
926	1.68144e-05
927	1.67185e-05
928	1.66353e-05
929	1.65431e-05
930	1.64548e-05
931	1.63649e-05
932	1.62792e-05
933	1.61912e-05
934	1.61011e-05
935	1.60201e-05
936	1.59341e-05
937	1.58494e-05
938	1.576e-05
939	1.56787e-05
940	1.5596e-05
941	1.55148e-05
942	1.54304e-05
943	1.53469e-05
944	1.52627e-05
945	1.51853e-05
946	1.51076e-05
947	1.50233e-05
948	1.49473e-05
949	1.48654e-05
950	1.47888e-05
951	1.4711e-05
952	1.46343e-05
953	1.45601e-05
954	1.44843e-05
955	1.44062e-05
956	1.4337e-05
957	1.42633e-05
958	1.41886e-05
959	1.4113e-05
960	1.404e-05
961	1.31602e-05
962	1.24773e-05
963	1.23816e-05
964	1.27648e-05
965	1.30616e-05
966	1.29346e-05
967	1.2562e-05
968	1.22762e-05
969	1.22256e-05
970	1.2331e-05
971	1.24007e-05
972	1.23371e-05
973	1.21907e-05
974	1.20743e-05
975	1.20315e-05
976	1.20287e-05
977	1.2004e-05
978	1.19479e-05
979	1.18622e-05
980	1.17933e-05
981	1.1742e-05
982	1.17119e-05
983	1.16732e-05
984	1.16239e-05
985	1.15685e-05
986	1.1521e-05
987	1.14772e-05
988	1.14334e-05
989	1.1387e-05
990	1.13375e-05
991	1.12848e-05
992	1.12372e-05
993	1.11862e-05
994	1.11445e-05
995	1.10951e-05
996	1.10513e-05
997	1.10043e-05
998	1.09589e-05
999	1.09149e-05
1000	1.08697e-05
