1	1
2	0.0123513
3	0.010037
4	0.0341702
5	0.0391246
6	0.137695
7	0.0378116
8	0.0790109
9	0.0988216
10	0.216719
11	0.0591404
12	0.090385
13	0.177331
14	0.0806508
15	0.0527383
16	0.052897
17	0.0518731
18	0.0422666
19	0.0357666
20	0.0332138
21	0.0305644
22	0.0273625
23	0.0250511
24	0.0232283
25	0.0215115
26	0.0199427
27	0.0187091
28	0.0178959
29	0.0168528
30	0.0157855
31	0.0148087
32	0.0141293
33	0.013436
34	0.0128445
35	0.0122594
36	0.0117435
37	0.0113112
38	0.0108058
39	0.0103167
40	0.00996318
41	0.00966321
42	0.00932258
43	0.00898996
44	0.00869882
45	0.00839678
46	0.00811452
47	0.00787514
48	0.00769583
49	0.00742908
50	0.0071951
51	0.00699989
52	0.00675835
53	0.0066038
54	0.00639797
55	0.00623696
56	0.00607672
57	0.00589023
58	0.00573646
59	0.005622
60	0.00551053
61	0.00537348
62	0.00528561
63	0.00516548
64	0.0050785
65	0.00497296
66	0.00487623
67	0.00476769
68	0.00469878
69	0.00461897
70	0.00453524
71	0.00447463
72	0.00438893
73	0.00430694
74	0.00423673
75	0.00416938
76	0.00412742
77	0.00406359
78	0.0039792
79	0.00391244
80	0.00384717
81	0.00377681
82	0.00371943
83	0.00367479
84	0.00362598
85	0.00357794
86	0.00352683
87	0.00349724
88	0.00345046
89	0.00339369
90	0.00334766
91	0.00331796
92	0.00328361
93	0.00324977
94	0.00321133
95	0.00318762
96	0.00315684
97	0.00311835
98	0.00308684
99	0.00306709
100	0.0030411
101	0.003021
102	0.00299493
103	0.00296975
104	0.00294298
105	0.00291892
106	0.00290302
107	0.00288141
108	0.0028613
109	0.00283939
110	0.00282363
111	0.00280613
112	0.00279335
113	0.00277817
114	0.00276455
115	0.00274488
116	0.00273633
117	0.00272028
118	0.00271255
119	0.00270239
120	0.00268867
121	0.00267645
122	0.00266839
123	0.00266076
124	0.00265252
125	0.00264377
126	0.00263887
127	0.00263442
128	0.00263028
129	0.00262043
130	0.00261068
131	0.00260031
132	0.0025925
133	0.00258655
134	0.00257928
135	0.0025716
136	0.00256324
137	0.00255324
138	0.00254307
139	0.0025305
140	0.00252156
141	0.00251635
142	0.00251105
143	0.00250264
144	0.00249679
145	0.00248958
146	0.00248076
147	0.00247045
148	0.00246251
149	0.00245384
150	0.00244961
151	0.00244297
152	0.00243497
153	0.0024269
154	0.00242002
155	0.00241276
156	0.00240345
157	0.00239529
158	0.00238648
159	0.002377
160	0.00236717
161	0.00236116
162	0.00235561
163	0.00234966
164	0.00234424
165	0.00233488
166	0.00232977
167	0.00232356
168	0.00231691
169	0.0023083
170	0.00230409
171	0.00229901
172	0.00229528
173	0.00228892
174	0.0022837
175	0.00227856
176	0.00227366
177	0.00226764
178	0.00226478
179	0.00225956
180	0.00225552
181	0.00225074
182	0.00224982
183	0.00224794
184	0.00224265
185	0.0022413
186	0.00223793
187	0.00223564
188	0.00223583
189	0.0022371
190	0.00223408
191	0.00223251
192	0.002232
193	0.00223174
194	0.0022329
195	0.00223187
196	0.00222807
197	0.00222605
198	0.00222579
199	0.00222732
200	0.00222549
201	0.0022232
202	0.00221941
203	0.00221911
204	0.00221791
205	0.00221632
206	0.00221314
207	0.0022098
208	0.00220729
209	0.00220622
210	0.00220218
211	0.00219726
212	0.00219433
213	0.00219032
214	0.00218774
215	0.00218487
216	0.00218095
217	0.00217608
218	0.0021744
219	0.00216805
220	0.00216484
221	0.00216144
222	0.00215875
223	0.00215514
224	0.00215201
225	0.00214773
226	0.00214233
227	0.00214164
228	0.0021401
229	0.00213823
230	0.00213222
231	0.00212892
232	0.00212571
233	0.00212438
234	0.00212028
235	0.00211727
236	0.0021168
237	0.00211661
238	0.0021168
239	0.00211108
240	0.00210607
241	0.00210256
242	0.00210005
243	0.00209611
244	0.00209428
245	0.00209234
246	0.00208734
247	0.00208433
248	0.00208092
249	0.00207748
250	0.00207286
251	0.00206884
252	0.00206555
253	0.00206284
254	0.00206044
255	0.00205776
256	0.00205454
257	0.00205035
258	0.00204585
259	0.00203994
260	0.0020354
261	0.00203244
262	0.00202912
263	0.00202675
264	0.00202543
265	0.00202165
266	0.00201781
267	0.00201398
268	0.00201271
269	0.00201177
270	0.00201086
271	0.00200963
272	0.00200745
273	0.0020049
274	0.00200336
275	0.00200039
276	0.00199964
277	0.00199979
278	0.0019986
279	0.00199791
280	0.00199683
281	0.00199794
282	0.00199815
283	0.00199803
284	0.00199906
285	0.001997
286	0.00199446
287	0.00199428
288	0.00199256
289	0.00199235
290	0.00199335
291	0.00199455
292	0.00199429
293	0.00199485
294	0.00199584
295	0.00199636
296	0.00199684
297	0.00199575
298	0.00199546
299	0.00199504
300	0.00199644
301	0.00199723
302	0.00200032
303	0.00200298
304	0.00200483
305	0.00200625
306	0.00200798
307	0.00200984
308	0.00201214
309	0.0020146
310	0.00201805
311	0.00202189
312	0.00202519
313	0.00202671
314	0.00202877
315	0.00203028
316	0.00203198
317	0.00203381
318	0.00203604
319	0.00203897
320	0.00204226
321	0.0020455
322	0.00205005
323	0.00205438
324	0.00205899
325	0.00206078
326	0.00206392
327	0.00206427
328	0.00206629
329	0.00207101
330	0.00207671
331	0.00207895
332	0.00208442
333	0.00208865
334	0.0020922
335	0.00209524
336	0.0021007
337	0.00210451
338	0.00211027
339	0.00211751
340	0.0021228
341	0.00212769
342	0.0021305
343	0.00213085
344	0.0021313
345	0.0021336
346	0.00213768
347	0.00214049
348	0.002144
349	0.00214616
350	0.00214922
351	0.00215682
352	0.00216057
353	0.00216412
354	0.0021697
355	0.00217418
356	0.00217795
357	0.00218165
358	0.00218396
359	0.00218701
360	0.00219188
361	0.00219296
362	0.00219915
363	0.00220245
364	0.00220737
365	0.00220989
366	0.00221339
367	0.00221598
368	0.00221698
369	0.00221979
370	0.0022232
371	0.00222504
372	0.00222888
373	0.00223059
374	0.00223317
375	0.00223626
376	0.0022413
377	0.00224584
378	0.00224984
379	0.00225303
380	0.00225763
381	0.00226175
382	0.00226649
383	0.00227295
384	0.00227974
385	0.00228494
386	0.00228971
387	0.00229762
388	0.00230359
389	0.00230882
390	0.00231593
391	0.00232334
392	0.00233026
393	0.00233729
394	0.00234254
395	0.00235058
396	0.00235969
397	0.00236664
398	0.00236964
399	0.00237603
400	0.00238076
401	0.00238687
402	0.00239342
403	0.00240136
404	0.00240986
405	0.00241775
406	0.00242764
407	0.00243808
408	0.0024468
409	0.00245564
410	0.00246767
411	0.0024792
412	0.00249234
413	0.0025042
414	0.00251428
415	0.00252432
416	0.00253404
417	0.00254561
418	0.00255954
419	0.00257324
420	0.00258947
421	0.00260244
422	0.00261698
423	0.00263266
424	0.00265184
425	0.00266749
426	0.00268485
427	0.00270075
428	0.00271776
429	0.00273402
430	0.00275522
431	0.00277252
432	0.00279323
433	0.00281301
434	0.00283258
435	0.00285259
436	0.00287494
437	0.00289657
438	0.00291842
439	0.00293974
440	0.00296284
441	0.00298602
442	0.00299274
443	0.00298682
444	0.00296699
445	0.00294274
446	0.00290637
447	0.0028642
448	0.00281671
449	0.00276751
450	0.00271746
451	0.00267109
452	0.00262911
453	0.00258501
454	0.00254454
455	0.0025015
456	0.00246372
457	0.00242421
458	0.00238766
459	0.00234451
460	0.00230884
461	0.00227384
462	0.00223733
463	0.00220828
464	0.00217826
465	0.00214815
466	0.00211898
467	0.0020912
468	0.00205989
469	0.00202958
470	0.00200087
471	0.00197068
472	0.00194351
473	0.00191709
474	0.00189171
475	0.00186764
476	0.00184353
477	0.00182036
478	0.00179628
479	0.001774
480	0.00175291
481	0.00173189
482	0.00170896
483	0.00169009
484	0.00167039
485	0.00164898
486	0.0016285
487	0.00160893
488	0.00159108
489	0.0015704
490	0.00155139
491	0.00153408
492	0.00151709
493	0.00149831
494	0.00148167
495	0.00146465
496	0.00144702
497	0.00143171
498	0.00141614
499	0.00139841
500	0.00138236
501	0.00136708
502	0.00135368
503	0.00134017
504	0.00132488
505	0.00131124
506	0.00129867
507	0.00128493
508	0.00127017
509	0.00125784
510	0.00124722
511	0.00123479
512	0.00122395
513	0.00121232
514	0.00120065
515	0.00118853
516	0.00117693
517	0.00116519
518	0.00115348
519	0.00114034
520	0.00112847
521	0.00111715
522	0.00110716
523	0.00109642
524	0.00108633
525	0.00107548
526	0.00106546
527	0.00105487
528	0.00104507
529	0.00103399
530	0.00102494
531	0.00101427
532	0.00100279
533	0.000992714
534	0.00098294
535	0.000971755
536	0.000960878
537	0.000952571
538	0.000944746
539	0.000933387
540	0.000924757
541	0.000915109
542	0.00090608
543	0.000896333
544	0.000887262
545	0.000878321
546	0.000871088
547	0.000862874
548	0.000854154
549	0.000847689
550	0.000840037
551	0.000832395
552	0.000824555
553	0.00081449
554	0.000806414
555	0.000798962
556	0.000790182
557	0.000783525
558	0.000775721
559	0.00076809
560	0.000761127
561	0.000754536
562	0.000746833
563	0.00073962
564	0.00073308
565	0.000726415
566	0.000720409
567	0.000716037
568	0.000708973
569	0.000704734
570	0.000697778
571	0.000689914
572	0.000683592
573	0.000678204
574	0.000672554
575	0.000665051
576	0.000660113
577	0.000653685
578	0.000647952
579	0.000642488
580	0.000637294
581	0.000632363
582	0.000627061
583	0.000620964
584	0.000617821
585	0.000611962
586	0.000606449
587	0.00060195
588	0.000597613
589	0.000591871
590	0.000586563
591	0.000581874
592	0.000576828
593	0.000572684
594	0.000566768
595	0.000562215
596	0.000558642
597	0.000554427
598	0.000548621
599	0.000543835
600	0.000539414
601	0.000534389
602	0.000531105
603	0.000527198
604	0.000524435
605	0.000522242
606	0.000517835
607	0.00051297
608	0.00051015
609	0.000505903
610	0.000501391
611	0.000497474
612	0.000493783
613	0.000489911
614	0.000560333
615	0.000520902
616	0.000495134
617	0.000483096
618	0.000475306
619	0.000470678
620	0.000467197
621	0.000464156
622	0.000461229
623	0.000457888
624	0.000453793
625	0.000451963
626	0.000449068
627	0.000446116
628	0.000442751
629	0.00044042
630	0.000437846
631	0.000435124
632	0.000433134
633	0.000431355
634	0.000427385
635	0.000425678
636	0.000423152
637	0.000420696
638	0.00041824
639	0.000416835
640	0.000414234
641	0.000411988
642	0.000410665
643	0.000409053
644	0.000407731
645	0.000405383
646	0.000402731
647	0.000399633
648	0.000398318
649	0.000395397
650	0.000393148
651	0.000391804
652	0.000390849
653	0.000388591
654	0.000386872
655	0.000386272
656	0.00038353
657	0.000381436
658	0.000379795
659	0.000378473
660	0.000377772
661	0.000375881
662	0.000374784
663	0.000372689
664	0.000370882
665	0.000369209
666	0.000367395
667	0.000365999
668	0.000364523
669	0.000363029
670	0.000360832
671	0.000360323
672	0.00035876
673	0.000359237
674	0.00035726
675	0.000356007
676	0.000353573
677	0.000353212
678	0.000352045
679	0.000350986
680	0.000348702
681	0.000347541
682	0.000345702
683	0.000346054
684	0.0003441
685	0.000343352
686	0.00034155
687	0.000341195
688	0.000339274
689	0.000338005
690	0.000337355
691	0.000336517
692	0.000333784
693	0.000333299
694	0.000332125
695	0.000331283
696	0.00033023
697	0.000329169
698	0.000326935
699	0.000326711
700	0.000325878
701	0.000324964
702	0.000322861
703	0.000323037
704	0.000320576
705	0.000319509
706	0.000318724
707	0.000317519
708	0.000316138
709	0.000315348
710	0.000312852
711	0.000311962
712	0.000310467
713	0.00031038
714	0.000309571
715	0.000308352
716	0.000307467
717	0.000305822
718	0.000304015
719	0.000304093
720	0.00030179
721	0.000300816
722	0.000299656
723	0.000299479
724	0.000297656
725	0.000296567
726	0.000295115
727	0.000295063
728	0.000292554
729	0.00029206
730	0.000289617
731	0.000290589
732	0.000287972
733	0.00028744
734	0.000286663
735	0.000285941
736	0.000284321
737	0.000283363
738	0.000281459
739	0.000280762
740	0.000278933
741	0.000278371
742	0.000276024
743	0.000275779
744	0.000273378
745	0.000272203
746	0.000271358
747	0.000270907
748	0.000269527
749	0.000268122
750	0.000266563
751	0.000266439
752	0.000264776
753	0.00026455
754	0.000262437
755	0.00026147
756	0.000259304
757	0.00025818
758	0.00025622
759	0.000256469
760	0.000254102
761	0.000254727
762	0.000252504
763	0.000252068
764	0.000250545
765	0.000249029
766	0.000247827
767	0.000247746
768	0.000245803
769	0.000245164
770	0.000244083
771	0.000243042
772	0.00024218
773	0.000241177
774	0.000239558
775	0.000238238
776	0.00023623
777	0.000235852
778	0.00023411
779	0.000233705
780	0.000231239
781	0.000231505
782	0.000230452
783	0.000229679
784	0.000228048
785	0.000227343
786	0.000225903
787	0.000225145
788	0.000223868
789	0.000357233
790	0.000295694
791	0.000253811
792	0.000236724
793	0.000227001
794	0.000221439
795	0.000218823
796	0.000216166
797	0.000214149
798	0.000212771
799	0.000212692
800	0.000211428
801	0.000209954
802	0.000208743
803	0.000208156
804	0.000206636
805	0.000206697
806	0.000204679
807	0.000204677
808	0.000202488
809	0.000201722
810	0.000200484
811	0.000199829
812	0.000198218
813	0.000198167
814	0.0001965
815	0.000196343
816	0.000195742
817	0.000195239
818	0.000194177
819	0.000192638
820	0.000191588
821	0.000190749
822	0.000189081
823	0.000187888
824	0.000186945
825	0.000186497
826	0.000185018
827	0.000185024
828	0.000184141
829	0.000183933
830	0.000183373
831	0.00018243
832	0.000181026
833	0.000181246
834	0.000179472
835	0.000178957
836	0.000177832
837	0.00017711
838	0.000175799
839	0.000176204
840	0.000174358
841	0.000174085
842	0.000172398
843	0.00017127
844	0.000170591
845	0.000170635
846	0.000168748
847	0.000168929
848	0.000168176
849	0.000167106
850	0.000165339
851	0.000165379
852	0.000163856
853	0.00016325
854	0.00016201
855	0.000161085
856	0.000159787
857	0.000160264
858	0.000159338
859	0.000158239
860	0.000157451
861	0.000156791
862	0.00015497
863	0.000154966
864	0.000153575
865	0.000153529
866	0.000152453
867	0.000151955
868	0.000150562
869	0.000150215
870	0.000148975
871	0.000148748
872	0.000147233
873	0.000146632
874	0.00014536
875	0.000145626
876	0.00014427
877	0.000144091
878	0.000142993
879	0.000142917
880	0.000141588
881	0.000140908
882	0.000139806
883	0.000138837
884	0.000137235
885	0.000137237
886	0.000135991
887	0.000135691
888	0.000134814
889	0.000134255
890	0.000133067
891	0.000133453
892	0.000132144
893	0.000132456
894	0.000130652
895	0.000130239
896	0.000129235
897	0.000128802
898	0.000127089
899	0.000126896
900	0.000126043
901	0.00012597
902	0.000124501
903	0.000124657
904	0.000123319
905	0.000123282
906	0.000122304
907	0.000121999
908	0.000120598
909	0.000120456
910	0.000119257
911	0.000147635
912	0.000167292
913	0.000168894
914	0.00016218
915	0.000152374
916	0.000144777
917	0.000137967
918	0.000133906
919	0.000129895
920	0.000126881
921	0.000124842
922	0.00012228
923	0.0001198
924	0.000117483
925	0.000116216
926	0.000114071
927	0.000113442
928	0.000112052
929	0.00011072
930	0.000109248
931	0.000108529
932	0.000107188
933	0.000106444
934	0.000104939
935	0.000104071
936	0.000103001
937	0.000281243
938	0.000214139
939	0.000150051
940	0.000125634
941	0.000110979
942	0.000107429
943	0.000105721
944	0.000104169
945	0.000102414
946	9.99428e-05
947	9.84261e-05
948	9.63117e-05
949	9.53442e-05
950	9.43547e-05
951	9.37317e-05
952	9.24227e-05
953	9.26421e-05
954	9.23907e-05
955	9.18681e-05
956	9.0331e-05
957	8.9708e-05
958	8.95758e-05
959	8.95457e-05
960	8.82774e-05
961	8.819e-05
962	8.70666e-05
963	8.80658e-05
964	8.58252e-05
965	8.68043e-05
966	8.5869e-05
967	8.53506e-05
968	8.4761e-05
969	8.47303e-05
970	8.35104e-05
971	8.32577e-05
972	8.29356e-05
973	8.32194e-05
974	8.21349e-05
975	8.17614e-05
976	8.07362e-05
977	8.05382e-05
978	7.99484e-05
979	7.9536e-05
980	7.91398e-05
981	7.88366e-05
982	7.80358e-05
983	7.75619e-05
984	7.7265e-05
985	7.72005e-05
986	7.62922e-05
987	7.612e-05
988	7.50564e-05
989	7.48702e-05
990	7.44096e-05
991	7.38189e-05
992	7.30787e-05
993	7.30917e-05
994	7.2478e-05
995	7.19993e-05
996	7.17946e-05
997	7.1628e-05
998	7.16618e-05
999	7.12202e-05
1000	7.0408e-05
