1	0.000672555
2	8.99015e-06
3	6.84411e-06
4	3.2318e-05
5	2.91292e-05
6	0.000130438
7	3.19174e-05
8	6.1136e-05
9	8.45571e-05
10	0.000162065
11	5.01661e-05
12	6.14378e-05
13	0.000105741
14	5.31255e-05
15	3.69368e-05
16	4.72615e-05
17	4.99837e-05
18	3.88724e-05
19	2.51516e-05
20	1.89745e-05
21	2.90623e-05
22	1.47074e-05
23	1.39153e-05
24	1.67893e-05
25	1.673e-05
26	1.5939e-05
27	1.53378e-05
28	1.52818e-05
29	1.57599e-05
30	9.18978e-06
31	9.02577e-06
32	8.77673e-06
33	8.44395e-06
34	8.27574e-06
35	8.06684e-06
36	7.6601e-06
37	7.20599e-06
38	6.71071e-06
39	6.27895e-06
40	6.00132e-06
41	5.71841e-06
42	5.50997e-06
43	5.42022e-06
44	5.13032e-06
45	4.92413e-06
46	4.78954e-06
47	4.65033e-06
48	4.44613e-06
49	4.39799e-06
50	4.20929e-06
51	4.12887e-06
52	4.04283e-06
53	3.98601e-06
54	3.80475e-06
55	3.67202e-06
56	3.41817e-06
57	3.24324e-06
58	5.66221e-06
59	5.4739e-06
60	5.27772e-06
61	5.128e-06
62	5.09511e-06
63	5.07096e-06
64	5.05509e-06
65	2.63873e-06
66	2.64753e-06
67	2.60066e-06
68	2.61236e-06
69	2.59209e-06
70	2.55647e-06
71	2.51642e-06
72	2.48004e-06
73	2.39282e-06
74	2.37539e-06
75	2.33583e-06
76	2.29607e-06
77	2.23007e-06
78	2.19989e-06
79	2.13695e-06
80	2.06468e-06
81	2.01884e-06
82	1.98849e-06
83	1.93073e-06
84	1.90205e-06
85	1.89453e-06
86	1.84604e-06
87	3.47246e-06
88	3.41404e-06
89	3.37316e-06
90	3.33127e-06
91	3.29672e-06
92	3.2508e-06
93	3.24059e-06
94	3.19206e-06
95	3.17925e-06
96	1.6418e-06
97	1.62644e-06
98	1.61426e-06
99	1.62009e-06
100	1.60968e-06
101	1.59315e-06
102	1.58458e-06
103	1.58477e-06
104	1.5809e-06
105	1.58486e-06
106	1.58054e-06
107	1.57944e-06
108	1.58537e-06
109	1.59309e-06
110	1.59475e-06
111	1.60123e-06
112	1.60553e-06
113	1.60732e-06
114	1.61335e-06
115	1.61596e-06
116	1.61853e-06
117	1.62048e-06
118	1.6202e-06
119	1.61119e-06
120	1.6014e-06
121	1.59394e-06
122	1.58413e-06
123	1.5682e-06
124	1.55301e-06
125	1.53316e-06
126	1.5133e-06
127	1.49088e-06
128	1.46806e-06
129	1.44721e-06
130	1.42586e-06
131	1.40568e-06
132	1.3849e-06
133	1.3626e-06
134	1.34551e-06
135	1.33005e-06
136	1.31321e-06
137	2.54563e-06
138	2.52561e-06
139	2.51397e-06
140	2.50232e-06
141	2.48854e-06
142	2.48269e-06
143	2.47459e-06
144	2.46272e-06
145	2.45446e-06
146	2.4546e-06
147	2.45488e-06
148	2.45137e-06
149	2.44906e-06
150	1.21882e-06
151	1.21857e-06
152	1.21723e-06
153	1.21873e-06
154	1.22589e-06
155	1.23504e-06
156	1.24441e-06
157	1.24914e-06
158	1.25427e-06
159	1.25786e-06
160	1.26344e-06
161	1.27096e-06
162	1.28019e-06
163	1.29062e-06
164	1.29972e-06
165	1.30796e-06
166	1.31599e-06
167	1.32185e-06
168	1.33178e-06
169	1.34224e-06
170	1.35205e-06
171	1.35863e-06
172	1.36511e-06
173	1.37123e-06
174	1.37926e-06
175	1.38782e-06
176	1.39644e-06
177	1.40555e-06
178	1.41246e-06
179	1.41721e-06
180	1.41986e-06
181	1.42116e-06
182	1.42517e-06
183	1.42566e-06
184	1.42831e-06
185	1.43361e-06
186	1.44065e-06
187	1.44739e-06
188	1.45125e-06
189	1.45225e-06
190	1.45682e-06
191	1.46201e-06
192	1.46672e-06
193	1.47118e-06
194	1.47417e-06
195	1.4781e-06
196	1.48293e-06
197	1.4847e-06
198	1.4874e-06
199	1.48654e-06
200	1.48702e-06
201	1.48839e-06
202	1.49135e-06
203	1.49287e-06
204	1.49404e-06
205	1.4966e-06
206	1.50002e-06
207	1.50311e-06
208	1.50682e-06
209	1.50863e-06
210	1.51395e-06
211	1.52332e-06
212	1.5289e-06
213	1.53537e-06
214	1.54415e-06
215	1.5579e-06
216	1.56879e-06
217	1.5814e-06
218	1.58863e-06
219	1.59661e-06
220	1.60658e-06
221	1.61701e-06
222	1.63014e-06
223	1.64129e-06
224	1.64911e-06
225	1.65919e-06
226	1.66828e-06
227	1.67909e-06
228	1.68508e-06
229	1.68852e-06
230	1.69631e-06
231	1.70853e-06
232	1.71982e-06
233	1.73169e-06
234	1.73919e-06
235	1.74704e-06
236	1.75858e-06
237	1.77037e-06
238	1.77881e-06
239	1.78767e-06
240	1.7915e-06
241	1.80148e-06
242	1.80861e-06
243	1.80985e-06
244	1.81702e-06
245	1.82252e-06
246	1.82224e-06
247	1.82047e-06
248	1.81713e-06
249	1.81345e-06
250	1.80875e-06
251	1.80516e-06
252	1.80575e-06
253	1.80104e-06
254	1.79479e-06
255	1.78974e-06
256	1.78025e-06
257	1.77076e-06
258	1.76206e-06
259	1.75544e-06
260	1.74841e-06
261	1.73759e-06
262	1.72487e-06
263	1.71212e-06
264	1.70289e-06
265	1.6938e-06
266	1.68191e-06
267	1.67098e-06
268	1.66189e-06
269	1.65855e-06
270	1.65345e-06
271	1.64946e-06
272	1.6455e-06
273	1.64211e-06
274	1.63746e-06
275	1.63317e-06
276	1.62628e-06
277	1.61773e-06
278	1.60995e-06
279	1.60159e-06
280	1.59359e-06
281	1.58625e-06
282	1.58168e-06
283	1.57573e-06
284	1.56904e-06
285	1.56062e-06
286	1.55893e-06
287	1.55432e-06
288	1.54966e-06
289	1.54407e-06
290	1.53976e-06
291	1.53163e-06
292	1.52715e-06
293	1.5221e-06
294	1.51615e-06
295	1.51138e-06
296	1.50522e-06
297	1.49727e-06
298	1.49366e-06
299	1.48354e-06
300	1.47797e-06
301	1.47059e-06
302	1.46746e-06
303	1.46013e-06
304	1.45358e-06
305	1.44512e-06
306	1.43771e-06
307	1.43308e-06
308	1.42682e-06
309	1.42144e-06
310	1.41746e-06
311	1.41244e-06
312	1.4095e-06
313	1.40901e-06
314	1.40374e-06
315	1.39882e-06
316	1.39413e-06
317	1.38845e-06
318	1.38079e-06
319	1.37324e-06
320	1.36176e-06
321	1.35105e-06
322	1.34318e-06
323	1.33647e-06
324	1.3308e-06
325	1.32574e-06
326	1.32101e-06
327	1.31697e-06
328	1.30936e-06
329	1.30021e-06
330	1.29439e-06
331	1.28874e-06
332	1.2823e-06
333	1.27674e-06
334	1.27162e-06
335	1.26392e-06
336	1.25817e-06
337	1.25212e-06
338	1.24643e-06
339	1.23875e-06
340	1.23395e-06
341	1.22891e-06
342	1.22472e-06
343	1.22229e-06
344	1.21793e-06
345	1.21455e-06
346	1.2122e-06
347	1.21012e-06
348	1.20854e-06
349	1.2083e-06
350	1.20919e-06
351	1.21037e-06
352	1.21491e-06
353	1.21832e-06
354	1.22366e-06
355	1.22743e-06
356	1.23349e-06
357	1.24357e-06
358	1.24965e-06
359	1.25785e-06
360	1.2672e-06
361	1.27852e-06
362	1.28946e-06
363	1.30271e-06
364	1.31974e-06
365	1.33717e-06
366	1.35346e-06
367	1.36846e-06
368	1.38692e-06
369	1.4023e-06
370	1.41625e-06
371	1.42782e-06
372	1.43928e-06
373	1.45132e-06
374	1.46272e-06
375	1.47023e-06
376	1.47566e-06
377	1.48056e-06
378	1.48504e-06
379	1.49047e-06
380	1.49634e-06
381	1.50223e-06
382	1.50959e-06
383	1.51512e-06
384	1.51651e-06
385	1.51715e-06
386	1.52016e-06
387	1.52496e-06
388	1.53361e-06
389	1.53982e-06
390	1.54527e-06
391	1.55032e-06
392	1.55438e-06
393	1.56194e-06
394	1.57253e-06
395	1.58249e-06
396	1.58947e-06
397	1.5974e-06
398	1.60779e-06
399	1.61373e-06
400	1.61983e-06
401	1.62651e-06
402	1.63187e-06
403	1.63664e-06
404	1.64077e-06
405	1.64399e-06
406	1.64619e-06
407	1.64829e-06
408	1.64932e-06
409	1.64919e-06
410	1.64756e-06
411	1.64545e-06
412	1.64154e-06
413	1.63767e-06
414	1.6285e-06
415	1.62131e-06
416	1.61484e-06
417	1.60663e-06
418	1.59758e-06
419	1.58803e-06
420	1.57846e-06
421	1.56836e-06
422	1.55399e-06
423	1.53852e-06
424	1.52684e-06
425	1.51597e-06
426	1.50336e-06
427	1.49413e-06
428	1.48319e-06
429	1.47434e-06
430	2.74019e-06
431	2.74285e-06
432	2.7473e-06
433	2.76078e-06
434	2.77945e-06
435	2.79747e-06
436	2.819e-06
437	2.84205e-06
438	2.88509e-06
439	2.92669e-06
440	1.54071e-06
441	1.55969e-06
442	1.57837e-06
443	1.58769e-06
444	1.5918e-06
445	1.59415e-06
446	1.59442e-06
447	1.59548e-06
448	1.59537e-06
449	1.59115e-06
450	1.58719e-06
451	1.58407e-06
452	1.57923e-06
453	1.57322e-06
454	1.57013e-06
455	1.56828e-06
456	1.56848e-06
457	1.56524e-06
458	1.56433e-06
459	1.56174e-06
460	1.56579e-06
461	1.56147e-06
462	1.55829e-06
463	1.55795e-06
464	1.55935e-06
465	1.5566e-06
466	1.56066e-06
467	1.56054e-06
468	1.56217e-06
469	1.56282e-06
470	1.56373e-06
471	1.56233e-06
472	1.56343e-06
473	1.56369e-06
474	1.56372e-06
475	1.56362e-06
476	1.5638e-06
477	1.56262e-06
478	1.56247e-06
479	1.56154e-06
480	1.56112e-06
481	1.5591e-06
482	1.5581e-06
483	1.55409e-06
484	1.55178e-06
485	1.54834e-06
486	1.54625e-06
487	1.54295e-06
488	1.54074e-06
489	1.53645e-06
490	1.53281e-06
491	1.52863e-06
492	8.04792e-07
493	8.01304e-07
494	7.9851e-07
495	7.95118e-07
496	7.91591e-07
497	7.86905e-07
498	7.8207e-07
499	7.7781e-07
500	7.72497e-07
501	7.67261e-07
502	7.62065e-07
503	7.56043e-07
504	7.50475e-07
505	7.4392e-07
506	7.38137e-07
507	7.31103e-07
508	7.25186e-07
509	7.1817e-07
510	7.12574e-07
511	7.04566e-07
512	6.98033e-07
513	6.9033e-07
514	6.83772e-07
515	6.76238e-07
516	6.69471e-07
517	6.63822e-07
518	6.56167e-07
519	6.47498e-07
520	6.40157e-07
521	6.31919e-07
522	6.24956e-07
523	6.16865e-07
524	6.0945e-07
525	6.01588e-07
526	5.94694e-07
527	5.86749e-07
528	5.79759e-07
529	5.72029e-07
530	5.64438e-07
531	5.56346e-07
532	5.49192e-07
533	5.41304e-07
534	5.3432e-07
535	5.26918e-07
536	5.19751e-07
537	9.95285e-07
538	9.83758e-07
539	9.68353e-07
540	9.55661e-07
541	9.41987e-07
542	9.29331e-07
543	9.16191e-07
544	9.03821e-07
545	8.89648e-07
546	8.77027e-07
547	8.65135e-07
548	8.53187e-07
549	8.41637e-07
550	8.29238e-07
551	8.17292e-07
552	8.0568e-07
553	7.94631e-07
554	7.83254e-07
555	7.73629e-07
556	7.6213e-07
557	7.52559e-07
558	7.42914e-07
559	7.33074e-07
560	7.22662e-07
561	7.14202e-07
562	7.03807e-07
563	6.95495e-07
564	6.85415e-07
565	6.77351e-07
566	6.66752e-07
567	6.57774e-07
568	6.48138e-07
569	6.40043e-07
570	9.90681e-07
571	9.8032e-07
572	9.63711e-07
573	9.48995e-07
574	9.34003e-07
575	9.20845e-07
576	9.04989e-07
577	8.9332e-07
578	8.78466e-07
579	8.65178e-07
580	8.4889e-07
581	8.36226e-07
582	8.19814e-07
583	8.14097e-07
584	7.97138e-07
585	7.81728e-07
586	7.66645e-07
587	7.55331e-07
588	7.40193e-07
589	7.26873e-07
590	7.11129e-07
591	6.98889e-07
592	6.84082e-07
593	6.72776e-07
594	6.58925e-07
595	6.48249e-07
596	6.35048e-07
597	6.25104e-07
598	6.12483e-07
599	6.02244e-07
600	5.91131e-07
601	5.82208e-07
602	5.70427e-07
603	5.63415e-07
604	5.53512e-07
605	5.47469e-07
606	5.38382e-07
607	5.33825e-07
608	5.25743e-07
609	5.2301e-07
610	5.14367e-07
611	5.12555e-07
612	9.84626e-07
613	9.83447e-07
614	8.83533e-07
615	9.3761e-07
616	9.40305e-07
617	9.18616e-07
618	8.90032e-07
619	8.78115e-07
620	8.59739e-07
621	8.38493e-07
622	8.21359e-07
623	7.99498e-07
624	7.80742e-07
625	7.59261e-07
626	7.43981e-07
627	7.27609e-07
628	7.13996e-07
629	6.98309e-07
630	6.87603e-07
631	6.76157e-07
632	6.67303e-07
633	6.59111e-07
634	6.51429e-07
635	6.44787e-07
636	6.39713e-07
637	6.33549e-07
638	6.28899e-07
639	6.25442e-07
640	6.23331e-07
641	6.22007e-07
642	6.20725e-07
643	6.18792e-07
644	6.18037e-07
645	6.16714e-07
646	6.16262e-07
647	6.17058e-07
648	6.17744e-07
649	6.18271e-07
650	6.18934e-07
651	6.18609e-07
652	6.20368e-07
653	6.20525e-07
654	6.21944e-07
655	6.22462e-07
656	6.24094e-07
657	6.23993e-07
658	6.27369e-07
659	6.30193e-07
660	6.30485e-07
661	6.31468e-07
662	6.35035e-07
663	6.35866e-07
664	6.38408e-07
665	6.37826e-07
666	6.39965e-07
667	6.41036e-07
668	6.41874e-07
669	6.42914e-07
670	6.4446e-07
671	6.44684e-07
672	6.47951e-07
673	6.50114e-07
674	6.50758e-07
675	6.52686e-07
676	6.527e-07
677	6.5332e-07
678	6.52363e-07
679	6.51607e-07
680	6.51184e-07
681	6.51394e-07
682	6.51091e-07
683	6.52815e-07
684	6.51632e-07
685	6.51106e-07
686	6.49686e-07
687	6.51548e-07
688	6.49274e-07
689	6.51071e-07
690	6.47387e-07
691	6.47225e-07
692	6.4692e-07
693	6.46273e-07
694	6.44893e-07
695	6.44927e-07
696	6.41886e-07
697	6.42101e-07
698	6.39267e-07
699	6.39882e-07
700	6.3658e-07
701	6.3611e-07
702	6.32962e-07
703	6.32929e-07
704	6.30549e-07
705	6.30528e-07
706	6.26499e-07
707	6.27177e-07
708	6.22194e-07
709	6.2195e-07
710	6.19175e-07
711	6.18887e-07
712	6.13726e-07
713	6.14797e-07
714	6.0863e-07
715	6.09511e-07
716	6.04198e-07
717	6.03e-07
718	5.98543e-07
719	5.99285e-07
720	5.93579e-07
721	5.9107e-07
722	5.86258e-07
723	5.86468e-07
724	5.80779e-07
725	5.80846e-07
726	9.99179e-07
727	5.83854e-07
728	9.81419e-07
729	9.9197e-07
730	9.89361e-07
731	9.78231e-07
732	9.70326e-07
733	9.6942e-07
734	9.61417e-07
735	9.57239e-07
736	9.50369e-07
737	9.4766e-07
738	9.41007e-07
739	9.37001e-07
740	9.3186e-07
741	9.25586e-07
742	9.19608e-07
743	9.15262e-07
744	9.09687e-07
745	9.05446e-07
746	8.9817e-07
747	8.94417e-07
748	8.88233e-07
749	8.84121e-07
750	8.79797e-07
751	8.76719e-07
752	8.69576e-07
753	8.65724e-07
754	8.60044e-07
755	8.57048e-07
756	8.50961e-07
757	8.48952e-07
758	8.42808e-07
759	8.39197e-07
760	8.34481e-07
761	8.30929e-07
762	8.21873e-07
763	8.1832e-07
764	8.1186e-07
765	8.09324e-07
766	8.0339e-07
767	8.00376e-07
768	7.95317e-07
769	7.93206e-07
770	7.86595e-07
771	7.84346e-07
772	7.7973e-07
773	7.7778e-07
774	7.70862e-07
775	7.67954e-07
776	7.60517e-07
777	7.57974e-07
778	7.50512e-07
779	7.48189e-07
780	7.41419e-07
781	7.38924e-07
782	7.32762e-07
783	7.31488e-07
784	7.24708e-07
785	7.22469e-07
786	7.15465e-07
787	7.15372e-07
788	7.08676e-07
789	6.19324e-07
790	7.24791e-07
791	8.86627e-07
792	6.98725e-07
793	6.97974e-07
794	6.76364e-07
795	6.73025e-07
796	6.71623e-07
797	6.72562e-07
798	6.63788e-07
799	6.64367e-07
800	6.5848e-07
801	6.57498e-07
802	6.49413e-07
803	6.48272e-07
804	6.40793e-07
805	6.54847e-07
806	6.30664e-07
807	6.42368e-07
808	6.25502e-07
809	6.37744e-07
810	6.30853e-07
811	6.27014e-07
812	6.20618e-07
813	6.22581e-07
814	6.14906e-07
815	6.15369e-07
816	6.09232e-07
817	6.08758e-07
818	6.02132e-07
819	6.02555e-07
820	5.95483e-07
821	5.95611e-07
822	5.89695e-07
823	5.89859e-07
824	5.81599e-07
825	5.84883e-07
826	5.77403e-07
827	5.79299e-07
828	5.71486e-07
829	5.74106e-07
830	5.66357e-07
831	5.67309e-07
832	5.59419e-07
833	5.62584e-07
834	5.54638e-07
835	5.5563e-07
836	5.48378e-07
837	5.50752e-07
838	5.42701e-07
839	5.45081e-07
840	5.36419e-07
841	5.38868e-07
842	5.31576e-07
843	5.33555e-07
844	5.252e-07
845	5.2871e-07
846	5.20297e-07
847	5.21313e-07
848	5.10203e-07
849	5.18448e-07
850	5.11996e-07
851	5.13321e-07
852	5.04722e-07
853	5.0853e-07
854	5.02961e-07
855	5.05746e-07
856	4.95492e-07
857	4.99875e-07
858	4.93079e-07
859	4.96198e-07
860	4.87612e-07
861	4.91995e-07
862	9.98754e-07
863	5.065e-07
864	9.76139e-07
865	4.92612e-07
866	9.72341e-07
867	4.92778e-07
868	9.61244e-07
869	4.87407e-07
870	9.52233e-07
871	9.98016e-07
872	9.80264e-07
873	9.79533e-07
874	9.55901e-07
875	9.73996e-07
876	9.54692e-07
877	9.65479e-07
878	9.42431e-07
879	9.52387e-07
880	9.30894e-07
881	9.45334e-07
882	9.21382e-07
883	9.32896e-07
884	9.12136e-07
885	9.27074e-07
886	9.04195e-07
887	9.19024e-07
888	8.95825e-07
889	9.09077e-07
890	8.85193e-07
891	9.0016e-07
892	8.77788e-07
893	8.91958e-07
894	8.6855e-07
895	8.8053e-07
896	8.57471e-07
897	8.7273e-07
898	8.46816e-07
899	8.61054e-07
900	8.37768e-07
901	8.53892e-07
902	8.2755e-07
903	8.42699e-07
904	8.19368e-07
905	8.33113e-07
906	8.09419e-07
907	8.23859e-07
908	8.00598e-07
909	8.17284e-07
910	7.92989e-07
911	8.10062e-07
912	7.60698e-07
913	7.58595e-07
914	7.37767e-07
915	7.478e-07
916	7.31329e-07
917	7.39227e-07
918	7.26588e-07
919	7.35045e-07
920	7.19143e-07
921	7.23235e-07
922	7.08021e-07
923	7.14119e-07
924	6.99218e-07
925	7.05108e-07
926	6.88523e-07
927	6.91668e-07
928	6.76779e-07
929	6.81663e-07
930	6.64057e-07
931	6.69307e-07
932	6.54545e-07
933	6.59135e-07
934	6.42613e-07
935	6.4835e-07
936	6.34661e-07
937	6.1478e-07
938	6.61209e-07
939	9.99918e-07
940	6.92319e-07
941	9.79165e-07
942	5.96224e-07
943	6.49474e-07
944	5.96462e-07
945	5.80758e-07
946	5.83649e-07
947	5.97654e-07
948	5.78713e-07
949	5.77172e-07
950	5.67073e-07
951	5.73692e-07
952	5.5983e-07
953	5.65524e-07
954	5.52831e-07
955	5.60051e-07
956	5.48109e-07
957	5.51685e-07
958	9.9947e-07
959	5.87748e-07
960	9.73728e-07
961	5.59964e-07
962	9.64227e-07
963	7.15692e-07
964	8.30717e-07
965	6.15234e-07
966	5.78037e-07
967	9.08582e-07
968	9.50247e-07
969	5.54689e-07
970	9.11521e-07
971	9.68895e-07
972	9.69743e-07
973	9.63975e-07
974	9.29064e-07
975	9.44615e-07
976	9.30227e-07
977	9.39983e-07
978	9.15285e-07
979	9.26355e-07
980	9.06633e-07
981	9.16592e-07
982	8.95079e-07
983	9.05187e-07
984	8.86131e-07
985	8.98789e-07
986	8.74321e-07
987	8.84439e-07
988	8.64421e-07
989	8.75371e-07
990	8.57051e-07
991	8.67292e-07
992	8.44228e-07
993	8.55899e-07
994	8.37754e-07
995	8.47036e-07
996	8.25862e-07
997	8.38013e-07
998	8.20461e-07
999	8.30387e-07
1000	8.11876e-07
